Dec 12, 2014 23:54 	1222.57 	1222.59 	1222.43 	1222.55 	-2.0 	+0.00%
Dec 12, 2014 23:53 	1222.56 	1222.58 	1222.56 	1222.56 	+0.0 	+0.00%
Dec 12, 2014 23:52 	1222.47 	1222.6 	1222.47 	1222.54 	+7.0 	+0.01%
Dec 12, 2014 23:51 	1222.46 	1222.51 	1222.44 	1222.51 	+5.0 	+0.00%
Dec 12, 2014 23:50 	1222.38 	1222.45 	1222.38 	1222.43 	+5.0 	+0.00%
Dec 12, 2014 23:49 	1222.11 	1222.49 	1222.08 	1222.36 	+25.0 	+0.02%
Dec 12, 2014 23:48 	1222.08 	1222.23 	1222.08 	1222.1 	+2.0 	+0.00%
Dec 12, 2014 23:47 	1222.06 	1222.12 	1222.03 	1222.08 	+2.0 	+0.00%
Dec 12, 2014 23:46 	1222.13 	1222.13 	1221.98 	1221.98 	-15.0 	-0.01%
Dec 12, 2014 23:45 	1222.1 	1222.15 	1222.02 	1222.08 	-2.0 	+0.00%
Dec 12, 2014 23:44 	1222.2 	1222.3 	1222.15 	1222.3 	+10.0 	+0.01%
Dec 12, 2014 23:43 	1221.4 	1222.3 	1221.39 	1222.2 	+80.0 	+0.07%
Dec 12, 2014 23:42 	1221.46 	1221.6 	1221.2 	1221.41 	-5.0 	+0.00%
Dec 12, 2014 23:41 	1221.46 	1221.46 	1221.46 	1221.46 	+0.0 	+0.00%
Dec 12, 2014 23:40 	1221.55 	1221.65 	1221.42 	1221.53 	-2.0 	+0.00%
Dec 12, 2014 23:39 	1221.72 	1221.77 	1221.48 	1221.59 	-13.0 	-0.01%
Dec 12, 2014 23:38 	1221.6 	1221.72 	1221.53 	1221.72 	+12.0 	+0.01%
Dec 12, 2014 23:37 	1221.57 	1221.6 	1221.54 	1221.59 	+2.0 	+0.00%
Dec 12, 2014 23:36 	1221.43 	1221.57 	1221.43 	1221.57 	+14.0 	+0.01%
Dec 12, 2014 23:35 	1221.6 	1221.6 	1221.3 	1221.42 	-18.0 	-0.01%
Dec 12, 2014 23:34 	1221.67 	1221.71 	1221.49 	1221.6 	-7.0 	-0.01%
Dec 12, 2014 23:33 	1221.85 	1221.85 	1221.61 	1221.65 	-20.0 	-0.02%
Dec 12, 2014 23:32 	1221.87 	1221.87 	1221.87 	1221.87 	+0.0 	+0.00%
Dec 12, 2014 23:31 	1221.84 	1221.93 	1221.84 	1221.89 	+5.0 	+0.00%
Dec 12, 2014 23:30 	1221.83 	1221.85 	1221.68 	1221.85 	+2.0 	+0.00%
Dec 12, 2014 23:29 	1221.29 	1222.13 	1221.19 	1221.91 	+62.0 	+0.05%
Dec 12, 2014 23:28 	1221.42 	1221.44 	1221.25 	1221.33 	-9.0 	-0.01%
Dec 12, 2014 23:27 	1221.45 	1221.47 	1221.27 	1221.38 	-7.0 	-0.01%
Dec 12, 2014 23:26 	1221.41 	1221.41 	1221.4 	1221.4 	-1.0 	+0.00%
Dec 12, 2014 23:25 	1221.39 	1221.43 	1221.39 	1221.41 	+2.0 	+0.00%
Dec 12, 2014 23:24 	1221.29 	1221.41 	1221.22 	1221.41 	+12.0 	+0.01%
Dec 12, 2014 23:23 	1221.26 	1221.36 	1221.22 	1221.31 	+5.0 	+0.00%
Dec 12, 2014 23:22 	1221.39 	1221.49 	1221.19 	1221.24 	-15.0 	-0.01%
Dec 12, 2014 23:21 	1221.74 	1221.85 	1221.45 	1221.6 	-14.0 	-0.01%
Dec 12, 2014 23:20 	1221.7 	1221.75 	1221.62 	1221.75 	+5.0 	+0.00%
Dec 12, 2014 23:19 	1221.63 	1221.71 	1221.63 	1221.71 	+8.0 	+0.01%
Dec 12, 2014 23:18 	1221.86 	1221.9 	1221.56 	1221.71 	-15.0 	-0.01%
Dec 12, 2014 23:17 	1221.78 	1221.9 	1221.74 	1221.76 	-2.0 	+0.00%
Dec 12, 2014 23:16 	1221.76 	1221.76 	1221.54 	1221.73 	-3.0 	+0.00%
Dec 12, 2014 23:15 	1221.59 	1221.76 	1221.45 	1221.76 	+17.0 	+0.01%
Dec 12, 2014 23:14 	1221.67 	1221.8 	1221.45 	1221.52 	-15.0 	-0.01%
Dec 12, 2014 23:13 	1221.68 	1221.8 	1221.5 	1221.65 	-3.0 	+0.00%
Dec 12, 2014 23:12 	1221.59 	1221.74 	1221.51 	1221.63 	+4.0 	+0.00%
Dec 12, 2014 23:11 	1221.51 	1221.6 	1221.45 	1221.6 	+9.0 	+0.01%
Dec 12, 2014 23:10 	1221.37 	1221.54 	1221.27 	1221.53 	+16.0 	+0.01%
Dec 12, 2014 23:09 	1221.36 	1221.42 	1221.2 	1221.34 	-2.0 	+0.00%
Dec 12, 2014 23:08 	1221.36 	1221.49 	1221.33 	1221.42 	+6.0 	+0.00%
Dec 12, 2014 23:07 	1221.45 	1221.46 	1221.36 	1221.36 	-9.0 	-0.01%
Dec 12, 2014 23:06 	1221.43 	1221.49 	1221.31 	1221.46 	+3.0 	+0.00%
Dec 12, 2014 23:05 	1221.46 	1221.58 	1221.42 	1221.43 	-3.0 	+0.00%
Dec 12, 2014 23:04 	1221.74 	1221.77 	1221.42 	1221.48 	-26.0 	-0.02%
Dec 12, 2014 23:03 	1221.99 	1222.01 	1221.72 	1221.73 	-26.0 	-0.02%
Dec 12, 2014 23:02 	1221.78 	1221.96 	1221.72 	1221.96 	+18.0 	+0.01%
Dec 12, 2014 23:01 	1221.84 	1221.92 	1221.73 	1221.79 	-5.0 	+0.00%
Dec 12, 2014 23:00 	1221.57 	1222.13 	1221.57 	1221.79 	+22.0 	+0.02%
Dec 12, 2014 22:59 	1222.56 	1222.56 	1221.52 	1221.53 	-103.0 	-0.08%
Dec 12, 2014 22:58 	1222.6 	1222.69 	1222.52 	1222.53 	-7.0 	-0.01%
Dec 12, 2014 22:57 	1222.9 	1222.91 	1222.54 	1222.59 	-31.0 	-0.03%
Dec 12, 2014 22:56 	1222.85 	1222.91 	1222.78 	1222.89 	+4.0 	+0.00%
Dec 12, 2014 22:55 	1222.82 	1222.89 	1222.68 	1222.86 	+4.0 	+0.00%
Dec 12, 2014 22:54 	1222.58 	1222.87 	1222.5 	1222.83 	+25.0 	+0.02%
Dec 12, 2014 22:53 	1222.66 	1222.74 	1222.5 	1222.57 	-9.0 	-0.01%
Dec 12, 2014 22:52 	1222.47 	1222.66 	1222.47 	1222.63 	+16.0 	+0.01%
Dec 12, 2014 22:51 	1222.48 	1222.61 	1222.4 	1222.58 	+10.0 	+0.01%
Dec 12, 2014 22:50 	1222.33 	1222.57 	1222.33 	1222.46 	+13.0 	+0.01%
Dec 12, 2014 22:49 	1222.57 	1222.6 	1222.28 	1222.28 	-29.0 	-0.02%
Dec 12, 2014 22:48 	1222.65 	1222.82 	1222.48 	1222.55 	-10.0 	-0.01%
Dec 12, 2014 22:47 	1222.66 	1222.7 	1222.57 	1222.63 	-3.0 	+0.00%
Dec 12, 2014 22:46 	1222.56 	1222.76 	1222.54 	1222.63 	+7.0 	+0.01%
Dec 12, 2014 22:45 	1222.49 	1222.6 	1222.43 	1222.55 	+6.0 	+0.00%
Dec 12, 2014 22:44 	1222.39 	1222.51 	1222.39 	1222.49 	+10.0 	+0.01%
Dec 12, 2014 22:43 	1222.25 	1222.41 	1222.21 	1222.38 	+13.0 	+0.01%
Dec 12, 2014 22:42 	1221.95 	1222.34 	1221.94 	1222.23 	+28.0 	+0.02%
Dec 12, 2014 22:41 	1221.99 	1222.06 	1221.84 	1221.96 	-3.0 	+0.00%
Dec 12, 2014 22:40 	1221.84 	1222.05 	1221.77 	1222.05 	+21.0 	+0.02%
Dec 12, 2014 22:39 	1221.79 	1221.93 	1221.65 	1221.85 	+6.0 	+0.00%
Dec 12, 2014 22:38 	1221.88 	1221.99 	1221.75 	1221.75 	-13.0 	-0.01%
Dec 12, 2014 22:37 	1221.97 	1222.01 	1221.76 	1221.87 	-10.0 	-0.01%
Dec 12, 2014 22:36 	1222.5 	1222.52 	1221.97 	1222 	-50.0 	-0.04%
Dec 12, 2014 22:35 	1222.55 	1222.59 	1222.44 	1222.48 	-7.0 	-0.01%
Dec 12, 2014 22:34 	1222.48 	1222.56 	1222.39 	1222.48 	+0.0 	+0.00%
Dec 12, 2014 22:33 	1222.24 	1222.5 	1222.16 	1222.43 	+19.0 	+0.02%
Dec 12, 2014 22:32 	1221.87 	1222.5 	1221.85 	1222.15 	+28.0 	+0.02%
Dec 12, 2014 22:31 	1221.71 	1221.91 	1221.58 	1221.82 	+11.0 	+0.01%
Dec 12, 2014 22:30 	1221.91 	1221.98 	1221.71 	1221.72 	-19.0 	-0.02%
Dec 12, 2014 22:29 	1221.55 	1221.93 	1221.5 	1221.87 	+32.0 	+0.03%
Dec 12, 2014 22:28 	1221.63 	1221.66 	1221.5 	1221.52 	-11.0 	-0.01%
Dec 12, 2014 22:27 	1221.59 	1221.66 	1221.59 	1221.61 	+2.0 	+0.00%
Dec 12, 2014 22:26 	1221.36 	1221.61 	1221.28 	1221.58 	+22.0 	+0.02%
Dec 12, 2014 22:25 	1221.51 	1221.81 	1221.46 	1221.46 	-5.0 	+0.00%
Dec 12, 2014 22:24 	1221.59 	1221.7 	1221.46 	1221.51 	-8.0 	-0.01%
Dec 12, 2014 22:23 	1221.49 	1221.65 	1221.48 	1221.57 	+8.0 	+0.01%
Dec 12, 2014 22:22 	1221.51 	1221.65 	1221.4 	1221.47 	-4.0 	+0.00%
Dec 12, 2014 22:21 	1221.15 	1221.55 	1221.15 	1221.45 	+30.0 	+0.02%
Dec 12, 2014 22:20 	1221.25 	1221.31 	1221.15 	1221.16 	-9.0 	-0.01%
Dec 12, 2014 22:19 	1221.28 	1221.28 	1221.18 	1221.26 	-2.0 	+0.00%
Dec 12, 2014 22:18 	1221.35 	1221.41 	1221.18 	1221.28 	-7.0 	-0.01%
Dec 12, 2014 22:17 	1221.19 	1221.4 	1221.18 	1221.35 	+16.0 	+0.01%
Dec 12, 2014 22:16 	1221.29 	1221.31 	1221.17 	1221.2 	-9.0 	-0.01%
Dec 12, 2014 22:15 	1221.23 	1221.3 	1221.18 	1221.28 	+5.0 	+0.00%
Dec 12, 2014 22:14 	1221.18 	1221.34 	1221.18 	1221.3 	+12.0 	+0.01%
Dec 12, 2014 22:13 	1221.15 	1221.18 	1220.87 	1221.18 	+3.0 	+0.00%
Dec 12, 2014 22:12 	1221.48 	1221.48 	1221.09 	1221.14 	-34.0 	-0.03%
Dec 12, 2014 22:11 	1221.7 	1221.73 	1221.3 	1221.51 	-19.0 	-0.02%
Dec 12, 2014 22:10 	1221.68 	1221.7 	1221.26 	1221.69 	+1.0 	+0.00%
Dec 12, 2014 22:09 	1221.8 	1221.88 	1221.66 	1221.67 	-13.0 	-0.01%
Dec 12, 2014 22:08 	1221.71 	1221.92 	1221.66 	1221.81 	+10.0 	+0.01%
Dec 12, 2014 22:07 	1221.72 	1221.84 	1221.66 	1221.71 	-1.0 	+0.00%
Dec 12, 2014 22:06 	1221.71 	1221.78 	1221.66 	1221.72 	+1.0 	+0.00%
Dec 12, 2014 22:05 	1221.7 	1221.88 	1221.66 	1221.73 	+3.0 	+0.00%
Dec 12, 2014 22:04 	1221.75 	1221.78 	1221.66 	1221.66 	-9.0 	-0.01%
Dec 12, 2014 22:03 	1221.56 	1221.73 	1221.55 	1221.65 	+9.0 	+0.01%
Dec 12, 2014 22:02 	1221.98 	1221.98 	1221.65 	1221.65 	-33.0 	-0.03%
Dec 12, 2014 22:01 	1221.61 	1221.89 	1221.56 	1221.89 	+28.0 	+0.02%
Dec 12, 2014 22:00 	1222.13 	1222.38 	1221.58 	1221.59 	-54.0 	-0.04%
Dec 12, 2014 21:59 	1222.38 	1222.51 	1222.08 	1222.08 	-30.0 	-0.02%
Dec 12, 2014 21:58 	1222.18 	1222.41 	1222.18 	1222.38 	+20.0 	+0.02%
Dec 12, 2014 21:57 	1222.1 	1222.18 	1222.08 	1222.18 	+8.0 	+0.01%
Dec 12, 2014 21:56 	1221.88 	1222.1 	1221.88 	1222.1 	+22.0 	+0.02%
Dec 12, 2014 21:55 	1221.81 	1221.89 	1221.4 	1221.78 	-3.0 	+0.00%
Dec 12, 2014 21:54 	1221.96 	1222 	1221.96 	1221.96 	+0.0 	+0.00%
Dec 12, 2014 21:53 	1222.18 	1222.2 	1222.08 	1222.08 	-10.0 	-0.01%
Dec 12, 2014 21:52 	1222.01 	1222.18 	1222 	1222.11 	+10.0 	+0.01%
Dec 12, 2014 21:51 	1222.08 	1222.2 	1222 	1222.11 	+3.0 	+0.00%
Dec 12, 2014 21:50 	1222.08 	1222.21 	1221.99 	1222.08 	+0.0 	+0.00%
Dec 12, 2014 21:49 	1222 	1222.08 	1221.88 	1222.03 	+3.0 	+0.00%
Dec 12, 2014 21:48 	1221.78 	1222.25 	1221.78 	1222 	+22.0 	+0.02%
Dec 12, 2014 21:47 	1221.59 	1221.98 	1221.59 	1221.78 	+19.0 	+0.02%
Dec 12, 2014 21:46 	1221.58 	1221.75 	1221.28 	1221.49 	-9.0 	-0.01%
Dec 12, 2014 21:45 	1221.54 	1221.68 	1221.48 	1221.58 	+4.0 	+0.00%
Dec 12, 2014 21:44 	1221.48 	1221.7 	1221.48 	1221.55 	+7.0 	+0.01%
Dec 12, 2014 21:43 	1221.49 	1221.68 	1221.48 	1221.51 	+2.0 	+0.00%
Dec 12, 2014 21:42 	1221.6 	1221.68 	1221.38 	1221.46 	-14.0 	-0.01%
Dec 12, 2014 21:41 	1221.61 	1221.7 	1221.44 	1221.65 	+4.0 	+0.00%
Dec 12, 2014 21:40 	1221.39 	1221.81 	1221.33 	1221.68 	+29.0 	+0.02%
Dec 12, 2014 21:39 	1221.71 	1221.79 	1221.38 	1221.38 	-33.0 	-0.03%
Dec 12, 2014 21:38 	1221.89 	1221.89 	1221.4 	1221.7 	-19.0 	-0.02%
Dec 12, 2014 21:37 	1221.85 	1221.95 	1221.76 	1221.89 	+4.0 	+0.00%
Dec 12, 2014 21:36 	1221.9 	1222.11 	1221.83 	1221.84 	-6.0 	+0.00%
Dec 12, 2014 21:35 	1222.06 	1222.21 	1221.87 	1221.91 	-15.0 	-0.01%
Dec 12, 2014 21:34 	1222.38 	1222.4 	1222.08 	1222.1 	-28.0 	-0.02%
Dec 12, 2014 21:33 	1222.97 	1222.97 	1222.4 	1222.46 	-51.0 	-0.04%
Dec 12, 2014 21:32 	1223.38 	1223.4 	1222.85 	1222.99 	-39.0 	-0.03%
Dec 12, 2014 21:31 	1223.39 	1223.58 	1223.21 	1223.48 	+9.0 	+0.01%
Dec 12, 2014 21:30 	1223.39 	1223.48 	1223.25 	1223.38 	-1.0 	+0.00%
Dec 12, 2014 21:29 	1223.48 	1223.58 	1223.38 	1223.48 	+0.0 	+0.00%
Dec 12, 2014 21:28 	1223.48 	1223.48 	1223.26 	1223.31 	-17.0 	-0.01%
Dec 12, 2014 21:27 	1223.8 	1223.88 	1223.19 	1223.38 	-42.0 	-0.03%
Dec 12, 2014 21:26 	1223.78 	1223.98 	1223.7 	1223.85 	+7.0 	+0.01%
Dec 12, 2014 21:25 	1223.78 	1223.88 	1223.7 	1223.75 	-3.0 	+0.00%
Dec 12, 2014 21:24 	1223.58 	1223.78 	1223.58 	1223.61 	+3.0 	+0.00%
Dec 12, 2014 21:23 	1223.58 	1223.71 	1223.48 	1223.5 	-8.0 	-0.01%
Dec 12, 2014 21:22 	1223.58 	1223.69 	1223.38 	1223.58 	+0.0 	+0.00%
Dec 12, 2014 21:21 	1223.08 	1223.58 	1222.98 	1223.58 	+50.0 	+0.04%
Dec 12, 2014 21:20 	1223 	1223.2 	1222.98 	1223.08 	+8.0 	+0.01%
Dec 12, 2014 21:19 	1222.79 	1223.09 	1222.79 	1222.99 	+20.0 	+0.02%
Dec 12, 2014 21:18 	1222.88 	1222.9 	1222.78 	1222.78 	-10.0 	-0.01%
Dec 12, 2014 21:17 	1222.82 	1222.9 	1222.78 	1222.8 	-2.0 	+0.00%
Dec 12, 2014 21:16 	1222.91 	1222.98 	1222.78 	1222.88 	-3.0 	+0.00%
Dec 12, 2014 21:15 	1222.88 	1223.08 	1222.81 	1222.9 	+2.0 	+0.00%
Dec 12, 2014 21:14 	1222.58 	1222.98 	1222.58 	1222.88 	+30.0 	+0.02%
Dec 12, 2014 21:13 	1222.72 	1222.76 	1222.48 	1222.58 	-14.0 	-0.01%
Dec 12, 2014 21:12 	1222.89 	1222.94 	1222.68 	1222.71 	-18.0 	-0.01%
Dec 12, 2014 21:11 	1222.79 	1222.98 	1222.7 	1222.98 	+19.0 	+0.02%
Dec 12, 2014 21:10 	1222.71 	1222.88 	1222.7 	1222.78 	+7.0 	+0.01%
Dec 12, 2014 21:09 	1222.68 	1222.78 	1222.58 	1222.7 	+2.0 	+0.00%
Dec 12, 2014 21:08 	1222.68 	1222.78 	1222.58 	1222.61 	-7.0 	-0.01%
Dec 12, 2014 21:07 	1222.68 	1222.78 	1222.58 	1222.78 	+10.0 	+0.01%
Dec 12, 2014 21:06 	1222.58 	1222.68 	1222.37 	1222.68 	+10.0 	+0.01%
Dec 12, 2014 21:05 	1222.58 	1222.61 	1222.54 	1222.58 	+0.0 	+0.00%
Dec 12, 2014 21:04 	1222.59 	1222.61 	1222.59 	1222.61 	+2.0 	+0.00%
Dec 12, 2014 21:03 	1222.61 	1222.65 	1222.58 	1222.61 	+0.0 	+0.00%
Dec 12, 2014 21:02 	1222.39 	1222.68 	1222.32 	1222.61 	+22.0 	+0.02%
Dec 12, 2014 21:01 	1222.49 	1222.53 	1222.28 	1222.41 	-8.0 	-0.01%
Dec 12, 2014 21:00 	1222.19 	1222.52 	1222.18 	1222.48 	+29.0 	+0.02%
Dec 12, 2014 20:59 	1222.39 	1222.49 	1222.18 	1222.19 	-20.0 	-0.02%
Dec 12, 2014 20:58 	1222.28 	1222.58 	1222.18 	1222.18 	-10.0 	-0.01%
Dec 12, 2014 20:57 	1222.23 	1222.35 	1222.18 	1222.28 	+5.0 	+0.00%
Dec 12, 2014 20:56 	1222.4 	1222.48 	1222.18 	1222.21 	-19.0 	-0.02%
Dec 12, 2014 20:55 	1222.78 	1222.78 	1222.38 	1222.38 	-40.0 	-0.03%
Dec 12, 2014 20:54 	1222.48 	1222.81 	1222.18 	1222.81 	+33.0 	+0.03%
Dec 12, 2014 20:53 	1222.7 	1222.9 	1222.31 	1222.49 	-21.0 	-0.02%
Dec 12, 2014 20:52 	1222.78 	1222.91 	1222.68 	1222.71 	-7.0 	-0.01%
Dec 12, 2014 20:51 	1222.98 	1223.02 	1222.78 	1222.8 	-18.0 	-0.01%
Dec 12, 2014 20:50 	1223.01 	1223.04 	1222.88 	1223.01 	+0.0 	+0.00%
Dec 12, 2014 20:49 	1222.58 	1223.03 	1222.52 	1223.01 	+43.0 	+0.04%
Dec 12, 2014 20:48 	1222.54 	1222.59 	1222.48 	1222.48 	-6.0 	+0.00%
Dec 12, 2014 20:47 	1222.39 	1222.58 	1222.28 	1222.55 	+16.0 	+0.01%
Dec 12, 2014 20:46 	1222.24 	1222.43 	1222.24 	1222.36 	+12.0 	+0.01%
Dec 12, 2014 20:45 	1222.2 	1222.28 	1222.08 	1222.23 	+3.0 	+0.00%
Dec 12, 2014 20:44 	1222.2 	1222.29 	1222.18 	1222.18 	-2.0 	+0.00%
Dec 12, 2014 20:43 	1222.1 	1222.3 	1222.1 	1222.2 	+10.0 	+0.01%
Dec 12, 2014 20:42 	1222.18 	1222.23 	1222.08 	1222.09 	-9.0 	-0.01%
Dec 12, 2014 20:41 	1222.1 	1222.38 	1222.08 	1222.38 	+28.0 	+0.02%
Dec 12, 2014 20:40 	1222 	1222.2 	1221.98 	1222.15 	+15.0 	+0.01%
Dec 12, 2014 20:39 	1222.19 	1222.19 	1222 	1222.08 	-11.0 	-0.01%
Dec 12, 2014 20:38 	1222.08 	1222.21 	1222.08 	1222.18 	+10.0 	+0.01%
Dec 12, 2014 20:37 	1222.2 	1222.21 	1221.98 	1222.01 	-19.0 	-0.02%
Dec 12, 2014 20:36 	1222.03 	1222.38 	1222.03 	1222.21 	+18.0 	+0.01%
Dec 12, 2014 20:35 	1221.62 	1222.08 	1221.62 	1222.08 	+46.0 	+0.04%
Dec 12, 2014 20:34 	1221.61 	1221.71 	1221.61 	1221.62 	+1.0 	+0.00%
Dec 12, 2014 20:33 	1221.93 	1222.01 	1221.73 	1221.73 	-20.0 	-0.02%
Dec 12, 2014 20:32 	1222.03 	1222.14 	1221.83 	1221.93 	-10.0 	-0.01%
Dec 12, 2014 20:31 	1221.94 	1222.04 	1221.93 	1222.03 	+9.0 	+0.01%
Dec 12, 2014 20:30 	1221.88 	1222.08 	1221.84 	1221.84 	-4.0 	+0.00%
Dec 12, 2014 20:29 	1221.77 	1222.24 	1221.64 	1221.83 	+6.0 	+0.00%
Dec 12, 2014 20:28 	1221.69 	1221.98 	1221.38 	1221.72 	+3.0 	+0.00%
Dec 12, 2014 20:27 	1221.48 	1221.69 	1221.39 	1221.68 	+20.0 	+0.02%
Dec 12, 2014 20:26 	1221.98 	1221.98 	1221.48 	1221.48 	-50.0 	-0.04%
Dec 12, 2014 20:25 	1222.28 	1222.28 	1221.98 	1221.98 	-30.0 	-0.02%
Dec 12, 2014 20:24 	1222.48 	1222.48 	1221.89 	1222.28 	-20.0 	-0.02%
Dec 12, 2014 20:23 	1222.18 	1222.39 	1222.18 	1222.38 	+20.0 	+0.02%
Dec 12, 2014 20:22 	1222.38 	1222.38 	1222.12 	1222.12 	-26.0 	-0.02%
Dec 12, 2014 20:21 	1222.48 	1222.48 	1222.21 	1222.28 	-20.0 	-0.02%
Dec 12, 2014 20:20 	1222.68 	1222.68 	1222.3 	1222.48 	-20.0 	-0.02%
Dec 12, 2014 20:19 	1222.58 	1222.78 	1222.58 	1222.68 	+10.0 	+0.01%
Dec 12, 2014 20:18 	1222.28 	1222.68 	1222.28 	1222.68 	+40.0 	+0.03%
Dec 12, 2014 20:17 	1222.28 	1222.68 	1222.19 	1222.28 	+0.0 	+0.00%
Dec 12, 2014 20:16 	1222.38 	1222.41 	1221.85 	1222.18 	-20.0 	-0.02%
Dec 12, 2014 20:15 	1222.58 	1222.68 	1222.4 	1222.4 	-18.0 	-0.01%
Dec 12, 2014 20:14 	1222.98 	1222.98 	1222.58 	1222.68 	-30.0 	-0.02%
Dec 12, 2014 20:13 	1222.98 	1222.98 	1222.78 	1222.98 	+0.0 	+0.00%
Dec 12, 2014 20:12 	1223.1 	1223.18 	1222.88 	1222.98 	-12.0 	-0.01%
Dec 12, 2014 20:11 	1223.18 	1223.3 	1223.08 	1223.09 	-9.0 	-0.01%
Dec 12, 2014 20:10 	1223.01 	1223.09 	1222.91 	1223.08 	+7.0 	+0.01%
Dec 12, 2014 20:09 	1223.08 	1223.18 	1222.88 	1223.08 	+0.0 	+0.00%
Dec 12, 2014 20:08 	1222.88 	1223.08 	1222.78 	1222.98 	+10.0 	+0.01%
Dec 12, 2014 20:07 	1222.91 	1222.98 	1222.78 	1222.92 	+1.0 	+0.00%
Dec 12, 2014 20:06 	1222.95 	1223.08 	1222.78 	1222.88 	-7.0 	-0.01%
Dec 12, 2014 20:05 	1223.19 	1223.22 	1222.88 	1222.93 	-26.0 	-0.02%
Dec 12, 2014 20:04 	1223.19 	1223.58 	1223.03 	1223.28 	+9.0 	+0.01%
Dec 12, 2014 20:03 	1223.48 	1223.48 	1222.98 	1223.21 	-27.0 	-0.02%
Dec 12, 2014 20:02 	1223.32 	1223.48 	1222.98 	1223.48 	+16.0 	+0.01%
Dec 12, 2014 20:01 	1223.58 	1223.69 	1223.28 	1223.38 	-20.0 	-0.02%
Dec 12, 2014 20:00 	1223.48 	1223.78 	1223.38 	1223.68 	+20.0 	+0.02%
Dec 12, 2014 19:59 	1223.78 	1223.78 	1223.48 	1223.49 	-29.0 	-0.02%
Dec 12, 2014 19:58 	1223.88 	1223.98 	1223.64 	1223.88 	+0.0 	+0.00%
Dec 12, 2014 19:57 	1223.61 	1223.89 	1223.56 	1223.79 	+18.0 	+0.01%
Dec 12, 2014 19:56 	1223.69 	1223.78 	1223.49 	1223.65 	-4.0 	+0.00%
Dec 12, 2014 19:55 	1223.28 	1223.66 	1223.28 	1223.58 	+30.0 	+0.02%
Dec 12, 2014 19:54 	1223.28 	1223.58 	1223.18 	1223.18 	-10.0 	-0.01%
Dec 12, 2014 19:53 	1223.16 	1223.28 	1222.87 	1223.28 	+12.0 	+0.01%
Dec 12, 2014 19:52 	1223.16 	1223.17 	1223.06 	1223.17 	+1.0 	+0.00%
Dec 12, 2014 19:51 	1222.85 	1223.07 	1222.76 	1223.06 	+21.0 	+0.02%
Dec 12, 2014 19:50 	1222.77 	1222.9 	1222.77 	1222.82 	+5.0 	+0.00%
Dec 12, 2014 19:49 	1223.12 	1223.12 	1222.7 	1222.81 	-31.0 	-0.03%
Dec 12, 2014 19:48 	1223.38 	1223.39 	1223.08 	1223.12 	-26.0 	-0.02%
Dec 12, 2014 19:47 	1223.62 	1223.68 	1223.48 	1223.48 	-14.0 	-0.01%
Dec 12, 2014 19:46 	1223.81 	1223.81 	1223.59 	1223.64 	-17.0 	-0.01%
Dec 12, 2014 19:45 	1223.82 	1223.9 	1223.58 	1223.81 	-1.0 	+0.00%
Dec 12, 2014 19:44 	1223.97 	1223.99 	1223.68 	1223.78 	-19.0 	-0.02%
Dec 12, 2014 19:43 	1224.04 	1224.18 	1223.88 	1223.96 	-8.0 	-0.01%
Dec 12, 2014 19:42 	1223.78 	1224.21 	1223.78 	1224.08 	+30.0 	+0.02%
Dec 12, 2014 19:41 	1223.81 	1223.88 	1223.7 	1223.71 	-10.0 	-0.01%
Dec 12, 2014 19:40 	1223.81 	1223.98 	1223.68 	1223.85 	+4.0 	+0.00%
Dec 12, 2014 19:39 	1223.78 	1223.84 	1223.68 	1223.84 	+6.0 	+0.00%
Dec 12, 2014 19:38 	1223.69 	1223.78 	1223.6 	1223.72 	+3.0 	+0.00%
Dec 12, 2014 19:37 	1223.58 	1223.78 	1223.58 	1223.68 	+10.0 	+0.01%
Dec 12, 2014 19:36 	1223.62 	1223.68 	1223.38 	1223.48 	-14.0 	-0.01%
Dec 12, 2014 19:35 	1223.7 	1223.8 	1223.58 	1223.58 	-12.0 	-0.01%
Dec 12, 2014 19:34 	1223.7 	1223.78 	1223.48 	1223.78 	+8.0 	+0.01%
Dec 12, 2014 19:33 	1223.58 	1223.78 	1223.4 	1223.71 	+13.0 	+0.01%
Dec 12, 2014 19:32 	1223.28 	1223.58 	1223.16 	1223.58 	+30.0 	+0.02%
Dec 12, 2014 19:31 	1223.1 	1223.38 	1223.05 	1223.28 	+18.0 	+0.01%
Dec 12, 2014 19:30 	1223.38 	1223.38 	1223.08 	1223.18 	-20.0 	-0.02%
Dec 12, 2014 19:29 	1223.3 	1223.48 	1223.15 	1223.38 	+8.0 	+0.01%
Dec 12, 2014 19:28 	1223.58 	1223.68 	1223.17 	1223.3 	-28.0 	-0.02%
Dec 12, 2014 19:27 	1223.5 	1223.68 	1223.38 	1223.59 	+9.0 	+0.01%
Dec 12, 2014 19:26 	1223.28 	1223.58 	1223.08 	1223.51 	+23.0 	+0.02%
Dec 12, 2014 19:25 	1223.52 	1223.6 	1223.26 	1223.27 	-25.0 	-0.02%
Dec 12, 2014 19:24 	1223.31 	1223.6 	1223.2 	1223.6 	+29.0 	+0.02%
Dec 12, 2014 19:23 	1224 	1224.1 	1223.34 	1223.4 	-60.0 	-0.05%
Dec 12, 2014 19:22 	1224.1 	1224.1 	1223.87 	1224 	-10.0 	-0.01%
Dec 12, 2014 19:21 	1224.3 	1224.3 	1223.83 	1224.1 	-20.0 	-0.02%
Dec 12, 2014 19:20 	1224.4 	1224.6 	1224.3 	1224.3 	-10.0 	-0.01%
Dec 12, 2014 19:19 	1224.11 	1224.5 	1224.11 	1224.4 	+29.0 	+0.02%
Dec 12, 2014 19:18 	1224.4 	1224.4 	1224 	1224.1 	-30.0 	-0.02%
Dec 12, 2014 19:17 	1224.4 	1224.5 	1224.1 	1224.4 	+0.0 	+0.00%
Dec 12, 2014 19:16 	1224.12 	1224.5 	1224 	1224.3 	+18.0 	+0.01%
Dec 12, 2014 19:15 	1224.23 	1224.5 	1224.1 	1224.12 	-11.0 	-0.01%
Dec 12, 2014 19:14 	1224.55 	1224.7 	1224 	1224.2 	-35.0 	-0.03%
Dec 12, 2014 19:13 	1224.7 	1224.91 	1224.37 	1224.55 	-15.0 	-0.01%
Dec 12, 2014 19:12 	1224.1 	1224.6 	1224.1 	1224.6 	+50.0 	+0.04%
Dec 12, 2014 19:11 	1224.05 	1224.35 	1224.05 	1224.1 	+5.0 	+0.00%
Dec 12, 2014 19:10 	1223.9 	1224.1 	1223.6 	1224.1 	+20.0 	+0.02%
Dec 12, 2014 19:09 	1224.2 	1224.3 	1223.8 	1223.8 	-40.0 	-0.03%
Dec 12, 2014 19:08 	1224.5 	1224.5 	1223.9 	1224.1 	-40.0 	-0.03%
Dec 12, 2014 19:07 	1223.9 	1224.6 	1223.9 	1224.5 	+60.0 	+0.05%
Dec 12, 2014 19:06 	1223.66 	1224 	1223.25 	1224 	+34.0 	+0.03%
Dec 12, 2014 19:05 	1223.34 	1223.8 	1223.24 	1223.63 	+29.0 	+0.02%
Dec 12, 2014 19:04 	1223.33 	1223.9 	1223.3 	1223.31 	-2.0 	+0.00%
Dec 12, 2014 19:03 	1223.4 	1223.6 	1223.4 	1223.43 	+3.0 	+0.00%
Dec 12, 2014 19:02 	1223.32 	1223.62 	1223.1 	1223.4 	+8.0 	+0.01%
Dec 12, 2014 19:01 	1223.52 	1223.62 	1223.12 	1223.22 	-30.0 	-0.02%
Dec 12, 2014 19:00 	1223.85 	1224.02 	1223.42 	1223.42 	-43.0 	-0.04%
Dec 12, 2014 18:59 	1223.79 	1224.12 	1223.67 	1223.89 	+10.0 	+0.01%
Dec 12, 2014 18:58 	1223.38 	1224.07 	1223.27 	1223.79 	+41.0 	+0.03%
Dec 12, 2014 18:57 	1223.3 	1223.62 	1223.27 	1223.43 	+13.0 	+0.01%
Dec 12, 2014 18:56 	1223.22 	1223.39 	1223.06 	1223.3 	+8.0 	+0.01%
Dec 12, 2014 18:55 	1223.85 	1223.86 	1223.22 	1223.24 	-61.0 	-0.05%
Dec 12, 2014 18:54 	1223.82 	1224.03 	1223.7 	1223.84 	+2.0 	+0.00%
Dec 12, 2014 18:53 	1223.52 	1223.92 	1223.46 	1223.82 	+30.0 	+0.02%
Dec 12, 2014 18:52 	1222.92 	1223.52 	1222.7 	1223.52 	+60.0 	+0.05%
Dec 12, 2014 18:51 	1222.85 	1223.12 	1222.49 	1222.91 	+6.0 	+0.00%
Dec 12, 2014 18:50 	1222.93 	1223.02 	1222.72 	1222.86 	-7.0 	-0.01%
Dec 12, 2014 18:49 	1222.92 	1223.12 	1222.62 	1222.93 	+1.0 	+0.00%
Dec 12, 2014 18:48 	1222.82 	1222.92 	1222.51 	1222.92 	+10.0 	+0.01%
Dec 12, 2014 18:47 	1223.24 	1223.42 	1222.84 	1222.85 	-39.0 	-0.03%
Dec 12, 2014 18:46 	1222.96 	1223.35 	1222.82 	1223.24 	+28.0 	+0.02%
Dec 12, 2014 18:45 	1223.17 	1223.22 	1222.76 	1222.95 	-22.0 	-0.02%
Dec 12, 2014 18:44 	1223.16 	1223.26 	1222.75 	1223.22 	+6.0 	+0.00%
Dec 12, 2014 18:43 	1222.8 	1223.24 	1222.8 	1223.22 	+42.0 	+0.03%
Dec 12, 2014 18:42 	1223.06 	1223.4 	1222.92 	1222.99 	-7.0 	-0.01%
Dec 12, 2014 18:41 	1222.52 	1223.37 	1222.3 	1223.06 	+54.0 	+0.04%
Dec 12, 2014 18:40 	1222.02 	1222.58 	1221.92 	1222.56 	+54.0 	+0.04%
Dec 12, 2014 18:39 	1222.65 	1222.73 	1222.01 	1222.01 	-64.0 	-0.05%
Dec 12, 2014 18:38 	1222.68 	1222.84 	1222.32 	1222.65 	-3.0 	+0.00%
Dec 12, 2014 18:37 	1222.86 	1222.92 	1222.53 	1222.62 	-24.0 	-0.02%
Dec 12, 2014 18:36 	1223.22 	1223.32 	1222.92 	1222.97 	-25.0 	-0.02%
Dec 12, 2014 18:35 	1223.06 	1223.62 	1222.62 	1223.42 	+36.0 	+0.03%
Dec 12, 2014 18:34 	1223.24 	1223.62 	1222.62 	1223.07 	-17.0 	-0.01%
Dec 12, 2014 18:33 	1223.92 	1223.93 	1223.16 	1223.26 	-66.0 	-0.05%
Dec 12, 2014 18:32 	1224.12 	1224.58 	1223.97 	1224.03 	-9.0 	-0.01%
Dec 12, 2014 18:31 	1224.69 	1224.82 	1223.79 	1224.03 	-66.0 	-0.05%
Dec 12, 2014 18:30 	1225.93 	1225.93 	1224.77 	1224.77 	-116.0 	-0.09%
Dec 12, 2014 18:29 	1223.88 	1225.82 	1223.88 	1225.72 	+184.0 	+0.15%
Dec 12, 2014 18:28 	1223.92 	1223.95 	1223.42 	1223.92 	+0.0 	+0.00%
Dec 12, 2014 18:27 	1223.52 	1224.02 	1223.5 	1224.02 	+50.0 	+0.04%
Dec 12, 2014 18:26 	1224.02 	1224.13 	1223.52 	1223.62 	-40.0 	-0.03%
Dec 12, 2014 18:25 	1223.61 	1224.02 	1223.4 	1224.02 	+41.0 	+0.03%
Dec 12, 2014 18:24 	1223.79 	1223.93 	1223.48 	1223.72 	-7.0 	-0.01%
Dec 12, 2014 18:23 	1223.7 	1224.07 	1223.59 	1223.83 	+13.0 	+0.01%
Dec 12, 2014 18:22 	1223.38 	1223.95 	1223.22 	1223.73 	+35.0 	+0.03%
Dec 12, 2014 18:21 	1223.91 	1224.42 	1223.23 	1223.52 	-39.0 	-0.03%
Dec 12, 2014 18:20 	1224.23 	1224.34 	1223.89 	1223.92 	-31.0 	-0.03%
Dec 12, 2014 18:19 	1223.9 	1224.42 	1223.59 	1224.2 	+30.0 	+0.02%
Dec 12, 2014 18:18 	1223.91 	1224.32 	1223.8 	1223.81 	-10.0 	-0.01%
Dec 12, 2014 18:17 	1223.59 	1224.12 	1223.15 	1223.93 	+34.0 	+0.03%
Dec 12, 2014 18:16 	1223.17 	1224.01 	1223.14 	1223.57 	+40.0 	+0.03%
Dec 12, 2014 18:15 	1222.59 	1223.28 	1222.59 	1223.23 	+64.0 	+0.05%
Dec 12, 2014 18:14 	1222.86 	1222.86 	1222.24 	1222.63 	-23.0 	-0.02%
Dec 12, 2014 18:13 	1222.55 	1222.95 	1222.53 	1222.86 	+31.0 	+0.03%
Dec 12, 2014 18:12 	1222.52 	1222.8 	1222.4 	1222.53 	+1.0 	+0.00%
Dec 12, 2014 18:11 	1222.94 	1223.07 	1222.4 	1222.54 	-40.0 	-0.03%
Dec 12, 2014 18:10 	1222.57 	1222.96 	1222.42 	1222.95 	+38.0 	+0.03%
Dec 12, 2014 18:09 	1223.45 	1223.45 	1221.97 	1222.6 	-85.0 	-0.07%
Dec 12, 2014 18:08 	1223.86 	1223.9 	1222.87 	1223.39 	-47.0 	-0.04%
Dec 12, 2014 18:07 	1225.27 	1225.59 	1223.95 	1223.95 	-132.0 	-0.11%
Dec 12, 2014 18:06 	1224.05 	1225.26 	1223.98 	1225.21 	+116.0 	+0.09%
Dec 12, 2014 18:05 	1224.56 	1224.69 	1223.7 	1223.99 	-57.0 	-0.05%
Dec 12, 2014 18:04 	1223.98 	1224.9 	1223.98 	1224.56 	+58.0 	+0.05%
Dec 12, 2014 18:03 	1224.32 	1224.76 	1223.94 	1224 	-32.0 	-0.03%
Dec 12, 2014 18:02 	1224.77 	1224.88 	1224.2 	1224.29 	-48.0 	-0.04%
Dec 12, 2014 18:01 	1223.35 	1224.88 	1223.35 	1224.8 	+145.0 	+0.12%
Dec 12, 2014 18:00 	1223.04 	1223.55 	1222.9 	1223.38 	+34.0 	+0.03%
Dec 12, 2014 17:59 	1222.06 	1223.56 	1222 	1223 	+94.0 	+0.08%
Dec 12, 2014 17:58 	1222.7 	1222.84 	1222.03 	1222.07 	-63.0 	-0.05%
Dec 12, 2014 17:57 	1222.76 	1223 	1222.63 	1222.65 	-11.0 	-0.01%
Dec 12, 2014 17:56 	1222.8 	1223.6 	1222.76 	1222.76 	-4.0 	+0.00%
Dec 12, 2014 17:55 	1223.11 	1223.11 	1222.57 	1222.78 	-33.0 	-0.03%
Dec 12, 2014 17:54 	1223.27 	1223.36 	1222.54 	1223.11 	-16.0 	-0.01%
Dec 12, 2014 17:53 	1221.79 	1223.69 	1221.79 	1223.25 	+146.0 	+0.12%
Dec 12, 2014 17:52 	1221.44 	1221.78 	1221.32 	1221.78 	+34.0 	+0.03%
Dec 12, 2014 17:51 	1219.9 	1221.55 	1219.89 	1221.55 	+165.0 	+0.14%
Dec 12, 2014 17:50 	1219.89 	1220.27 	1219.82 	1219.87 	-2.0 	+0.00%
Dec 12, 2014 17:49 	1220 	1220.2 	1219.84 	1219.92 	-8.0 	-0.01%
Dec 12, 2014 17:48 	1219.66 	1220.01 	1219.61 	1219.87 	+21.0 	+0.02%
Dec 12, 2014 17:47 	1219.33 	1219.71 	1219.02 	1219.65 	+32.0 	+0.03%
Dec 12, 2014 17:46 	1219.83 	1219.83 	1219.32 	1219.38 	-45.0 	-0.04%
Dec 12, 2014 17:45 	1220.17 	1220.21 	1219.72 	1219.88 	-29.0 	-0.02%
Dec 12, 2014 17:44 	1219.91 	1220.16 	1219.8 	1220.16 	+25.0 	+0.02%
Dec 12, 2014 17:43 	1219.76 	1220.07 	1219.71 	1219.88 	+12.0 	+0.01%
Dec 12, 2014 17:42 	1219.15 	1220.24 	1219.15 	1219.75 	+60.0 	+0.05%
Dec 12, 2014 17:41 	1218.69 	1219.23 	1218.62 	1219.16 	+47.0 	+0.04%
Dec 12, 2014 17:40 	1217.93 	1218.76 	1217.92 	1218.72 	+79.0 	+0.06%
Dec 12, 2014 17:39 	1218.47 	1218.6 	1217.96 	1217.96 	-51.0 	-0.04%
Dec 12, 2014 17:38 	1218.75 	1218.84 	1218.33 	1218.5 	-25.0 	-0.02%
Dec 12, 2014 17:37 	1218.8 	1218.87 	1218.37 	1218.7 	-10.0 	-0.01%
Dec 12, 2014 17:36 	1218.72 	1218.92 	1218.61 	1218.77 	+5.0 	+0.00%
Dec 12, 2014 17:35 	1218.4 	1218.85 	1218.4 	1218.72 	+32.0 	+0.03%
Dec 12, 2014 17:34 	1218.33 	1218.6 	1218.18 	1218.4 	+7.0 	+0.01%
Dec 12, 2014 17:33 	1218.18 	1218.29 	1217.8 	1218.18 	+0.0 	+0.00%
Dec 12, 2014 17:32 	1218.52 	1218.92 	1218.28 	1218.28 	-24.0 	-0.02%
Dec 12, 2014 17:31 	1218.43 	1218.8 	1218.34 	1218.44 	+1.0 	+0.00%
Dec 12, 2014 17:30 	1218.02 	1218.5 	1217.8 	1218.39 	+37.0 	+0.03%
Dec 12, 2014 17:29 	1218.04 	1218.39 	1217.91 	1218.03 	-1.0 	+0.00%
Dec 12, 2014 17:28 	1218.53 	1218.66 	1217.72 	1218.03 	-50.0 	-0.04%
Dec 12, 2014 17:27 	1219.14 	1219.14 	1218.46 	1218.53 	-61.0 	-0.05%
Dec 12, 2014 17:26 	1219.12 	1219.31 	1218.82 	1219.14 	+2.0 	+0.00%
Dec 12, 2014 17:25 	1218.54 	1219.13 	1218.08 	1219.13 	+59.0 	+0.05%
Dec 12, 2014 17:24 	1219.02 	1219.11 	1218.51 	1218.54 	-48.0 	-0.04%
Dec 12, 2014 17:23 	1218.97 	1219.45 	1218.73 	1219.02 	+5.0 	+0.00%
Dec 12, 2014 17:22 	1218.97 	1219.22 	1218.63 	1219.04 	+7.0 	+0.01%
Dec 12, 2014 17:21 	1219.3 	1219.39 	1218.67 	1218.99 	-31.0 	-0.03%
Dec 12, 2014 17:20 	1218.66 	1219.32 	1218.66 	1219.27 	+61.0 	+0.05%
Dec 12, 2014 17:19 	1219.26 	1219.26 	1218.62 	1218.63 	-63.0 	-0.05%
Dec 12, 2014 17:18 	1219.64 	1219.68 	1219.13 	1219.32 	-32.0 	-0.03%
Dec 12, 2014 17:17 	1219.42 	1220.14 	1219.42 	1219.62 	+20.0 	+0.02%
Dec 12, 2014 17:16 	1218.71 	1219.63 	1218.71 	1219.42 	+71.0 	+0.06%
Dec 12, 2014 17:15 	1218.36 	1218.85 	1218.12 	1218.76 	+40.0 	+0.03%
Dec 12, 2014 17:14 	1217.92 	1218.44 	1217.92 	1218.42 	+50.0 	+0.04%
Dec 12, 2014 17:13 	1218.33 	1218.38 	1217.52 	1218.02 	-31.0 	-0.03%
Dec 12, 2014 17:12 	1218.64 	1218.74 	1217.97 	1218.23 	-41.0 	-0.03%
Dec 12, 2014 17:11 	1217.61 	1218.84 	1217.47 	1218.72 	+111.0 	+0.09%
Dec 12, 2014 17:10 	1217.38 	1218.22 	1217.27 	1217.62 	+24.0 	+0.02%
Dec 12, 2014 17:09 	1217.16 	1217.9 	1217.16 	1217.39 	+23.0 	+0.02%
Dec 12, 2014 17:08 	1216.38 	1217.65 	1216.35 	1217.06 	+68.0 	+0.06%
Dec 12, 2014 17:07 	1216.35 	1216.64 	1215.96 	1216.35 	+0.0 	+0.00%
Dec 12, 2014 17:06 	1216.26 	1216.56 	1215.56 	1216.43 	+17.0 	+0.01%
Dec 12, 2014 17:05 	1216.48 	1217.06 	1216.22 	1216.26 	-22.0 	-0.02%
Dec 12, 2014 17:04 	1217.18 	1217.43 	1214.35 	1216.38 	-80.0 	-0.07%
Dec 12, 2014 17:03 	1218.3 	1218.6 	1217.13 	1217.23 	-107.0 	-0.09%
Dec 12, 2014 17:02 	1218.47 	1218.47 	1217.15 	1218.27 	-20.0 	-0.02%
Dec 12, 2014 17:01 	1217.55 	1218.67 	1217.49 	1218.45 	+90.0 	+0.07%
Dec 12, 2014 17:00 	1219.42 	1219.42 	1217.18 	1217.69 	-173.0 	-0.14%
Dec 12, 2014 16:59 	1219.97 	1220.1 	1219.32 	1219.55 	-42.0 	-0.03%
Dec 12, 2014 16:58 	1219.56 	1220.18 	1219.34 	1220.01 	+45.0 	+0.04%
Dec 12, 2014 16:57 	1220.23 	1220.7 	1219.52 	1219.71 	-52.0 	-0.04%
Dec 12, 2014 16:56 	1220.76 	1221.26 	1219.75 	1220.42 	-34.0 	-0.03%
Dec 12, 2014 16:55 	1221.87 	1222.14 	1220.62 	1220.62 	-125.0 	-0.10%
Dec 12, 2014 16:54 	1222.79 	1222.79 	1222.47 	1222.55 	-24.0 	-0.02%
Dec 12, 2014 16:53 	1222.35 	1222.88 	1222.29 	1222.79 	+44.0 	+0.04%
Dec 12, 2014 16:52 	1221.7 	1222.39 	1221.7 	1222.39 	+69.0 	+0.06%
Dec 12, 2014 16:51 	1221.61 	1221.74 	1221.56 	1221.56 	-5.0 	+0.00%
Dec 12, 2014 16:50 	1221.85 	1221.89 	1221.6 	1221.61 	-24.0 	-0.02%
Dec 12, 2014 16:49 	1221.61 	1221.89 	1221.29 	1221.85 	+24.0 	+0.02%
Dec 12, 2014 16:48 	1221.6 	1221.68 	1221.41 	1221.61 	+1.0 	+0.00%
Dec 12, 2014 16:47 	1221.08 	1221.6 	1221.01 	1221.59 	+51.0 	+0.04%
Dec 12, 2014 16:46 	1221.27 	1221.31 	1220.85 	1221.05 	-22.0 	-0.02%
Dec 12, 2014 16:45 	1221.76 	1221.76 	1221.17 	1221.26 	-50.0 	-0.04%
Dec 12, 2014 16:44 	1221.46 	1222.54 	1221.39 	1221.71 	+25.0 	+0.02%
Dec 12, 2014 16:43 	1220.73 	1221.53 	1220.43 	1221.46 	+73.0 	+0.06%
Dec 12, 2014 16:42 	1221.22 	1221.32 	1220.32 	1220.62 	-60.0 	-0.05%
Dec 12, 2014 16:41 	1221.52 	1221.65 	1220.95 	1221.14 	-38.0 	-0.03%
Dec 12, 2014 16:40 	1221.23 	1221.56 	1221.03 	1221.52 	+29.0 	+0.02%
Dec 12, 2014 16:39 	1221.45 	1221.52 	1221.21 	1221.24 	-21.0 	-0.02%
Dec 12, 2014 16:38 	1221.18 	1221.5 	1221.01 	1221.5 	+32.0 	+0.03%
Dec 12, 2014 16:37 	1221.78 	1221.83 	1220.9 	1221.16 	-62.0 	-0.05%
Dec 12, 2014 16:36 	1221.8 	1222.08 	1221.72 	1221.79 	-1.0 	+0.00%
Dec 12, 2014 16:35 	1221.64 	1221.85 	1221.3 	1221.77 	+13.0 	+0.01%
Dec 12, 2014 16:34 	1221.25 	1222.19 	1221.23 	1221.67 	+42.0 	+0.03%
Dec 12, 2014 16:33 	1221.12 	1221.32 	1221.04 	1221.26 	+14.0 	+0.01%
Dec 12, 2014 16:32 	1221.89 	1221.93 	1221.1 	1221.1 	-79.0 	-0.06%
Dec 12, 2014 16:31 	1222 	1222.3 	1221.88 	1221.92 	-8.0 	-0.01%
Dec 12, 2014 16:30 	1221.84 	1221.99 	1221.65 	1221.92 	+8.0 	+0.01%
Dec 12, 2014 16:29 	1221.98 	1222.02 	1221.51 	1221.87 	-11.0 	-0.01%
Dec 12, 2014 16:28 	1222.07 	1222.18 	1221.83 	1221.95 	-12.0 	-0.01%
Dec 12, 2014 16:27 	1222.1 	1222.19 	1221.82 	1222.06 	-4.0 	+0.00%
Dec 12, 2014 16:26 	1222.51 	1222.6 	1222.04 	1222.12 	-39.0 	-0.03%
Dec 12, 2014 16:25 	1221.78 	1222.51 	1221.78 	1222.51 	+73.0 	+0.06%
Dec 12, 2014 16:24 	1221.65 	1221.95 	1221.53 	1221.79 	+14.0 	+0.01%
Dec 12, 2014 16:23 	1221.84 	1222.07 	1221.64 	1221.73 	-11.0 	-0.01%
Dec 12, 2014 16:22 	1221.26 	1222.22 	1221.26 	1221.85 	+59.0 	+0.05%
Dec 12, 2014 16:21 	1220.81 	1221.35 	1220.69 	1221.33 	+52.0 	+0.04%
Dec 12, 2014 16:20 	1220.3 	1220.92 	1220.06 	1220.79 	+49.0 	+0.04%
Dec 12, 2014 16:19 	1220.91 	1220.92 	1220.2 	1220.36 	-55.0 	-0.05%
Dec 12, 2014 16:18 	1219.89 	1220.94 	1219.89 	1220.86 	+97.0 	+0.08%
Dec 12, 2014 16:17 	1219.77 	1219.93 	1219.29 	1219.89 	+12.0 	+0.01%
Dec 12, 2014 16:16 	1218.82 	1219.78 	1218.71 	1219.75 	+93.0 	+0.08%
Dec 12, 2014 16:15 	1220.02 	1220.08 	1219.12 	1219.16 	-86.0 	-0.07%
Dec 12, 2014 16:14 	1219.98 	1220.38 	1219.97 	1220.11 	+13.0 	+0.01%
Dec 12, 2014 16:13 	1220.21 	1220.26 	1219.69 	1219.98 	-23.0 	-0.02%
Dec 12, 2014 16:12 	1220.52 	1220.63 	1220.17 	1220.26 	-26.0 	-0.02%
Dec 12, 2014 16:11 	1220.48 	1220.67 	1220.48 	1220.52 	+4.0 	+0.00%
Dec 12, 2014 16:10 	1221.07 	1221.14 	1220.31 	1220.42 	-65.0 	-0.05%
Dec 12, 2014 16:09 	1220.59 	1221.35 	1220.39 	1221.14 	+55.0 	+0.05%
Dec 12, 2014 16:08 	1220.46 	1220.59 	1219.94 	1220.59 	+13.0 	+0.01%
Dec 12, 2014 16:07 	1220.48 	1220.84 	1220.39 	1220.46 	-2.0 	+0.00%
Dec 12, 2014 16:06 	1220.09 	1220.66 	1220.09 	1220.5 	+41.0 	+0.03%
Dec 12, 2014 16:05 	1220.79 	1220.79 	1219.88 	1220.09 	-70.0 	-0.06%
Dec 12, 2014 16:04 	1221.09 	1221.29 	1220.21 	1220.79 	-30.0 	-0.02%
Dec 12, 2014 16:03 	1221.03 	1221.33 	1220.73 	1221.09 	+6.0 	+0.00%
Dec 12, 2014 16:02 	1221.84 	1221.84 	1220.71 	1220.91 	-93.0 	-0.08%
Dec 12, 2014 16:01 	1222.41 	1222.45 	1221.84 	1221.84 	-57.0 	-0.05%
Dec 12, 2014 16:00 	1222.29 	1222.46 	1221.84 	1222.44 	+15.0 	+0.01%
Dec 12, 2014 15:59 	1223.23 	1223.23 	1222.07 	1222.3 	-93.0 	-0.08%
Dec 12, 2014 15:58 	1223.14 	1223.52 	1223.11 	1223.31 	+17.0 	+0.01%
Dec 12, 2014 15:57 	1223.51 	1223.53 	1223.13 	1223.14 	-37.0 	-0.03%
Dec 12, 2014 15:56 	1223.41 	1223.71 	1223.21 	1223.51 	+10.0 	+0.01%
Dec 12, 2014 15:55 	1223.61 	1223.71 	1223.31 	1223.51 	-10.0 	-0.01%
Dec 12, 2014 15:54 	1223.41 	1223.61 	1223.41 	1223.61 	+20.0 	+0.02%
Dec 12, 2014 15:53 	1223.18 	1223.61 	1223.18 	1223.31 	+13.0 	+0.01%
Dec 12, 2014 15:52 	1223.21 	1223.26 	1222.93 	1223.26 	+5.0 	+0.00%
Dec 12, 2014 15:51 	1222.87 	1223.31 	1222.84 	1223.21 	+34.0 	+0.03%
Dec 12, 2014 15:50 	1223.41 	1223.41 	1222.84 	1222.84 	-57.0 	-0.05%
Dec 12, 2014 15:49 	1223.49 	1223.58 	1223.32 	1223.41 	-8.0 	-0.01%
Dec 12, 2014 15:48 	1223.57 	1223.65 	1223.26 	1223.52 	-5.0 	+0.00%
Dec 12, 2014 15:47 	1224.54 	1224.61 	1223.53 	1223.53 	-101.0 	-0.08%
Dec 12, 2014 15:46 	1224.71 	1225.01 	1224.41 	1224.51 	-20.0 	-0.02%
Dec 12, 2014 15:45 	1224.71 	1225.01 	1224.61 	1224.71 	+0.0 	+0.00%
Dec 12, 2014 15:44 	1224.72 	1225.01 	1224.41 	1224.62 	-10.0 	-0.01%
Dec 12, 2014 15:43 	1225.51 	1225.51 	1224.61 	1224.81 	-70.0 	-0.06%
Dec 12, 2014 15:42 	1225.31 	1225.91 	1225.21 	1225.52 	+21.0 	+0.02%
Dec 12, 2014 15:41 	1225.25 	1225.71 	1225.21 	1225.33 	+8.0 	+0.01%
Dec 12, 2014 15:40 	1225.12 	1225.53 	1224.91 	1225.41 	+29.0 	+0.02%
Dec 12, 2014 15:39 	1224.21 	1225.52 	1224.21 	1225.12 	+91.0 	+0.07%
Dec 12, 2014 15:38 	1223.82 	1224.21 	1223.81 	1224.21 	+39.0 	+0.03%
Dec 12, 2014 15:37 	1224.41 	1224.71 	1223.82 	1223.82 	-59.0 	-0.05%
Dec 12, 2014 15:36 	1223.72 	1224.31 	1223.58 	1224.31 	+59.0 	+0.05%
Dec 12, 2014 15:35 	1223.61 	1223.81 	1223.32 	1223.71 	+10.0 	+0.01%
Dec 12, 2014 15:34 	1223.51 	1224.01 	1223.21 	1223.62 	+11.0 	+0.01%
Dec 12, 2014 15:33 	1223.81 	1224.11 	1223.02 	1223.48 	-33.0 	-0.03%
Dec 12, 2014 15:32 	1223.21 	1224.11 	1223.14 	1223.72 	+51.0 	+0.04%
Dec 12, 2014 15:31 	1223.81 	1223.91 	1222.81 	1223.17 	-64.0 	-0.05%
Dec 12, 2014 15:30 	1224.13 	1225.21 	1223.71 	1223.76 	-37.0 	-0.03%
Dec 12, 2014 15:29 	1224.22 	1224.22 	1224.01 	1224.11 	-11.0 	-0.01%
Dec 12, 2014 15:28 	1224.21 	1224.22 	1223.83 	1224.22 	+1.0 	+0.00%
Dec 12, 2014 15:27 	1224.11 	1224.45 	1224.11 	1224.16 	+5.0 	+0.00%
Dec 12, 2014 15:26 	1224.72 	1224.72 	1224.11 	1224.11 	-61.0 	-0.05%
Dec 12, 2014 15:25 	1224.41 	1225.31 	1224.41 	1224.81 	+40.0 	+0.03%
Dec 12, 2014 15:24 	1224.49 	1224.71 	1224.17 	1224.44 	-5.0 	+0.00%
Dec 12, 2014 15:23 	1225.21 	1225.22 	1224.42 	1224.42 	-79.0 	-0.06%
Dec 12, 2014 15:22 	1225.11 	1225.32 	1224.91 	1225.21 	+10.0 	+0.01%
Dec 12, 2014 15:21 	1224.81 	1225.21 	1224.51 	1225.01 	+20.0 	+0.02%
Dec 12, 2014 15:20 	1224.81 	1225.31 	1224.61 	1224.85 	+4.0 	+0.00%
Dec 12, 2014 15:19 	1225.11 	1225.21 	1224.51 	1224.82 	-29.0 	-0.02%
Dec 12, 2014 15:18 	1225.21 	1225.31 	1224.71 	1225.11 	-10.0 	-0.01%
Dec 12, 2014 15:17 	1224.91 	1225.02 	1224.71 	1225.01 	+10.0 	+0.01%
Dec 12, 2014 15:16 	1224.61 	1224.91 	1224.36 	1224.82 	+21.0 	+0.02%
Dec 12, 2014 15:15 	1223.92 	1224.71 	1223.92 	1224.61 	+69.0 	+0.06%
Dec 12, 2014 15:14 	1224.39 	1224.5 	1223.91 	1223.91 	-48.0 	-0.04%
Dec 12, 2014 15:13 	1224.61 	1224.71 	1224.25 	1224.39 	-22.0 	-0.02%
Dec 12, 2014 15:12 	1225.22 	1225.22 	1224.21 	1224.61 	-61.0 	-0.05%
Dec 12, 2014 15:11 	1225.01 	1225.41 	1224.81 	1225.24 	+23.0 	+0.02%
Dec 12, 2014 15:10 	1225.21 	1225.21 	1224.82 	1224.91 	-30.0 	-0.02%
Dec 12, 2014 15:09 	1225.29 	1225.5 	1225.16 	1225.21 	-8.0 	-0.01%
Dec 12, 2014 15:08 	1225.01 	1225.82 	1224.97 	1225.38 	+37.0 	+0.03%
Dec 12, 2014 15:07 	1225.35 	1225.49 	1224.82 	1225.2 	-15.0 	-0.01%
Dec 12, 2014 15:06 	1225.32 	1226.42 	1225.12 	1225.29 	-3.0 	+0.00%
Dec 12, 2014 15:05 	1224.88 	1225.49 	1224.63 	1225.49 	+61.0 	+0.05%
Dec 12, 2014 15:04 	1224.81 	1225.01 	1224.51 	1224.87 	+6.0 	+0.00%
Dec 12, 2014 15:03 	1224.57 	1224.87 	1224.49 	1224.73 	+16.0 	+0.01%
Dec 12, 2014 15:02 	1224.88 	1225.19 	1224.57 	1224.57 	-31.0 	-0.03%
Dec 12, 2014 15:01 	1225.03 	1225.09 	1224.6 	1224.88 	-15.0 	-0.01%
Dec 12, 2014 15:00 	1224.27 	1225.83 	1223.91 	1225.03 	+76.0 	+0.06%
Dec 12, 2014 14:59 	1223.77 	1224.3 	1223.77 	1224.3 	+53.0 	+0.04%
Dec 12, 2014 14:58 	1223.92 	1224.08 	1223.66 	1223.66 	-26.0 	-0.02%
Dec 12, 2014 14:57 	1223.11 	1223.87 	1222.9 	1223.87 	+76.0 	+0.06%
Dec 12, 2014 14:56 	1222.69 	1223.13 	1222.69 	1223.09 	+40.0 	+0.03%
Dec 12, 2014 14:55 	1222.1 	1222.89 	1222.1 	1222.69 	+59.0 	+0.05%
Dec 12, 2014 14:54 	1222.07 	1222.24 	1221.9 	1222.02 	-5.0 	+0.00%
Dec 12, 2014 14:53 	1221.99 	1222.14 	1221.79 	1222.01 	+2.0 	+0.00%
Dec 12, 2014 14:52 	1222.08 	1222.11 	1221.72 	1221.98 	-10.0 	-0.01%
Dec 12, 2014 14:51 	1222.02 	1222.1 	1221.91 	1222.09 	+7.0 	+0.01%
Dec 12, 2014 14:50 	1222.32 	1222.4 	1222.11 	1222.11 	-21.0 	-0.02%
Dec 12, 2014 14:49 	1222.1 	1222.37 	1222.08 	1222.3 	+20.0 	+0.02%
Dec 12, 2014 14:48 	1222.18 	1222.39 	1222.09 	1222.09 	-9.0 	-0.01%
Dec 12, 2014 14:47 	1221.87 	1222.18 	1221.87 	1222.12 	+25.0 	+0.02%
Dec 12, 2014 14:46 	1221.73 	1221.96 	1221.7 	1221.96 	+23.0 	+0.02%
Dec 12, 2014 14:45 	1221.99 	1222.05 	1221.73 	1221.75 	-24.0 	-0.02%
Dec 12, 2014 14:44 	1221.98 	1222.25 	1221.9 	1222.12 	+14.0 	+0.01%
Dec 12, 2014 14:43 	1221.98 	1222.06 	1221.86 	1221.88 	-10.0 	-0.01%
Dec 12, 2014 14:42 	1221.89 	1222.12 	1221.89 	1221.97 	+8.0 	+0.01%
Dec 12, 2014 14:41 	1222.23 	1222.34 	1221.82 	1221.92 	-31.0 	-0.03%
Dec 12, 2014 14:40 	1222.18 	1222.31 	1221.92 	1222.2 	+2.0 	+0.00%
Dec 12, 2014 14:39 	1222.16 	1222.33 	1222.12 	1222.26 	+10.0 	+0.01%
Dec 12, 2014 14:38 	1222.34 	1222.34 	1222.12 	1222.13 	-21.0 	-0.02%
Dec 12, 2014 14:37 	1222.48 	1222.53 	1222.32 	1222.32 	-16.0 	-0.01%
Dec 12, 2014 14:36 	1222.55 	1222.82 	1222.43 	1222.48 	-7.0 	-0.01%
Dec 12, 2014 14:35 	1222.45 	1222.63 	1222.31 	1222.52 	+7.0 	+0.01%
Dec 12, 2014 14:34 	1222.28 	1222.58 	1222.27 	1222.45 	+17.0 	+0.01%
Dec 12, 2014 14:33 	1222.2 	1222.42 	1221.85 	1222.32 	+12.0 	+0.01%
Dec 12, 2014 14:32 	1222.35 	1222.35 	1222.1 	1222.23 	-12.0 	-0.01%
Dec 12, 2014 14:31 	1222.03 	1222.41 	1221.95 	1222.25 	+22.0 	+0.02%
Dec 12, 2014 14:30 	1221.56 	1222.36 	1221.5 	1222.03 	+47.0 	+0.04%
Dec 12, 2014 14:29 	1222.11 	1222.11 	1221.52 	1221.55 	-56.0 	-0.05%
Dec 12, 2014 14:28 	1222.26 	1222.41 	1222.17 	1222.17 	-9.0 	-0.01%
Dec 12, 2014 14:27 	1221.95 	1222.39 	1221.83 	1222.24 	+29.0 	+0.02%
Dec 12, 2014 14:26 	1221.8 	1222.12 	1221.71 	1222.06 	+26.0 	+0.02%
Dec 12, 2014 14:25 	1222.19 	1222.19 	1221.74 	1221.79 	-40.0 	-0.03%
Dec 12, 2014 14:24 	1221.99 	1222.49 	1221.97 	1222.22 	+23.0 	+0.02%
Dec 12, 2014 14:23 	1221.95 	1222 	1221.58 	1221.93 	-2.0 	+0.00%
Dec 12, 2014 14:22 	1221.18 	1221.96 	1221.1 	1221.93 	+75.0 	+0.06%
Dec 12, 2014 14:21 	1221.44 	1221.45 	1221 	1221.2 	-24.0 	-0.02%
Dec 12, 2014 14:20 	1221.72 	1221.83 	1221.42 	1221.45 	-27.0 	-0.02%
Dec 12, 2014 14:19 	1222.18 	1222.21 	1221.63 	1221.67 	-51.0 	-0.04%
Dec 12, 2014 14:18 	1222.2 	1222.32 	1221.99 	1222.2 	+0.0 	+0.00%
Dec 12, 2014 14:17 	1221.86 	1222.21 	1221.72 	1222.2 	+34.0 	+0.03%
Dec 12, 2014 14:16 	1221.51 	1221.98 	1221.36 	1221.84 	+33.0 	+0.03%
Dec 12, 2014 14:15 	1222.48 	1222.49 	1221.57 	1221.57 	-91.0 	-0.07%
Dec 12, 2014 14:14 	1222.97 	1222.97 	1222.41 	1222.42 	-55.0 	-0.04%
Dec 12, 2014 14:13 	1222.77 	1222.97 	1222.77 	1222.97 	+20.0 	+0.02%
Dec 12, 2014 14:12 	1222.98 	1223.07 	1222.72 	1222.77 	-21.0 	-0.02%
Dec 12, 2014 14:11 	1222.87 	1223.02 	1222.72 	1222.88 	+1.0 	+0.00%
Dec 12, 2014 14:10 	1222.69 	1223.1 	1222.68 	1222.82 	+13.0 	+0.01%
Dec 12, 2014 14:09 	1222.92 	1222.92 	1222.59 	1222.68 	-24.0 	-0.02%
Dec 12, 2014 14:08 	1222.57 	1223.12 	1222.2 	1222.87 	+30.0 	+0.02%
Dec 12, 2014 14:07 	1222.36 	1222.62 	1222.29 	1222.58 	+22.0 	+0.02%
Dec 12, 2014 14:06 	1222.43 	1222.43 	1222.28 	1222.34 	-9.0 	-0.01%
Dec 12, 2014 14:05 	1222.72 	1222.72 	1222.32 	1222.43 	-29.0 	-0.02%
Dec 12, 2014 14:04 	1222.89 	1223 	1222.58 	1222.72 	-17.0 	-0.01%
Dec 12, 2014 14:03 	1223.09 	1223.09 	1222.87 	1222.87 	-22.0 	-0.02%
Dec 12, 2014 14:02 	1222.84 	1223.34 	1222.79 	1223.09 	+25.0 	+0.02%
Dec 12, 2014 14:01 	1222.64 	1222.94 	1222.64 	1222.84 	+20.0 	+0.02%
Dec 12, 2014 14:00 	1222.98 	1223.24 	1222.47 	1222.47 	-51.0 	-0.04%
Dec 12, 2014 13:59 	1222.97 	1223.11 	1222.94 	1222.94 	-3.0 	+0.00%
Dec 12, 2014 13:58 	1222.99 	1223.07 	1222.92 	1222.97 	-2.0 	+0.00%
Dec 12, 2014 13:57 	1223.07 	1223.07 	1222.87 	1222.95 	-12.0 	-0.01%
Dec 12, 2014 13:56 	1223.09 	1223.17 	1222.87 	1223.07 	-2.0 	+0.00%
Dec 12, 2014 13:55 	1223.68 	1223.68 	1222.97 	1223.12 	-56.0 	-0.05%
Dec 12, 2014 13:54 	1223.77 	1223.77 	1223.62 	1223.68 	-9.0 	-0.01%
Dec 12, 2014 13:53 	1223.77 	1223.8 	1223.57 	1223.77 	+0.0 	+0.00%
Dec 12, 2014 13:52 	1224.39 	1224.39 	1223.87 	1223.87 	-52.0 	-0.04%
Dec 12, 2014 13:51 	1224.12 	1224.48 	1223.9 	1224.35 	+23.0 	+0.02%
Dec 12, 2014 13:50 	1224.24 	1224.36 	1223.9 	1223.92 	-32.0 	-0.03%
Dec 12, 2014 13:49 	1224.4 	1224.54 	1224.12 	1224.26 	-14.0 	-0.01%
Dec 12, 2014 13:48 	1224.32 	1224.47 	1224.28 	1224.39 	+7.0 	+0.01%
Dec 12, 2014 13:47 	1224.86 	1225 	1224.43 	1224.43 	-43.0 	-0.04%
Dec 12, 2014 13:46 	1224.23 	1225.01 	1224.2 	1224.85 	+62.0 	+0.05%
Dec 12, 2014 13:45 	1224.18 	1224.31 	1224 	1224.23 	+5.0 	+0.00%
Dec 12, 2014 13:44 	1224 	1224.21 	1223.88 	1224.19 	+19.0 	+0.02%
Dec 12, 2014 13:43 	1224.05 	1224.16 	1223.92 	1224.04 	-1.0 	+0.00%
Dec 12, 2014 13:42 	1224.62 	1224.64 	1223.95 	1224.03 	-59.0 	-0.05%
Dec 12, 2014 13:41 	1224.44 	1224.59 	1224.22 	1224.57 	+13.0 	+0.01%
Dec 12, 2014 13:40 	1224.16 	1224.48 	1224 	1224.47 	+31.0 	+0.03%
Dec 12, 2014 13:39 	1223.94 	1224.22 	1223.8 	1224.2 	+26.0 	+0.02%
Dec 12, 2014 13:38 	1223.87 	1224.22 	1223.81 	1223.94 	+7.0 	+0.01%
Dec 12, 2014 13:37 	1223.77 	1223.88 	1223.54 	1223.88 	+11.0 	+0.01%
Dec 12, 2014 13:36 	1223.79 	1223.89 	1223.7 	1223.79 	+0.0 	+0.00%
Dec 12, 2014 13:35 	1223.92 	1223.92 	1223.79 	1223.81 	-11.0 	-0.01%
Dec 12, 2014 13:34 	1223.89 	1224.03 	1223.89 	1223.89 	+0.0 	+0.00%
Dec 12, 2014 13:33 	1224.29 	1224.29 	1223.89 	1223.98 	-31.0 	-0.03%
Dec 12, 2014 13:32 	1224.32 	1224.47 	1224.26 	1224.31 	-1.0 	+0.00%
Dec 12, 2014 13:31 	1224.25 	1224.37 	1224.22 	1224.32 	+7.0 	+0.01%
Dec 12, 2014 13:30 	1224.13 	1224.34 	1223.94 	1224.25 	+12.0 	+0.01%
Dec 12, 2014 13:29 	1223.7 	1224.13 	1223.7 	1224.12 	+42.0 	+0.03%
Dec 12, 2014 13:28 	1223.48 	1223.74 	1223.48 	1223.7 	+22.0 	+0.02%
Dec 12, 2014 13:27 	1223.45 	1223.71 	1223.29 	1223.48 	+3.0 	+0.00%
Dec 12, 2014 13:26 	1223.56 	1223.56 	1223.28 	1223.44 	-12.0 	-0.01%
Dec 12, 2014 13:25 	1223.35 	1223.66 	1223.21 	1223.61 	+26.0 	+0.02%
Dec 12, 2014 13:24 	1222.79 	1223.41 	1222.77 	1223.32 	+53.0 	+0.04%
Dec 12, 2014 13:23 	1222.49 	1222.81 	1222.49 	1222.81 	+32.0 	+0.03%
Dec 12, 2014 13:22 	1222.43 	1222.61 	1222.41 	1222.47 	+4.0 	+0.00%
Dec 12, 2014 13:21 	1222.55 	1222.55 	1222.23 	1222.48 	-7.0 	-0.01%
Dec 12, 2014 13:20 	1222.63 	1222.66 	1222.47 	1222.53 	-10.0 	-0.01%
Dec 12, 2014 13:19 	1222.57 	1222.62 	1222.48 	1222.61 	+4.0 	+0.00%
Dec 12, 2014 13:18 	1222.59 	1222.66 	1222.47 	1222.53 	-6.0 	+0.00%
Dec 12, 2014 13:17 	1222.77 	1222.84 	1222.59 	1222.66 	-11.0 	-0.01%
Dec 12, 2014 13:16 	1222.87 	1223.07 	1222.73 	1222.73 	-14.0 	-0.01%
Dec 12, 2014 13:15 	1222.66 	1222.92 	1222.66 	1222.87 	+21.0 	+0.02%
Dec 12, 2014 13:14 	1223.51 	1223.57 	1222.67 	1222.72 	-79.0 	-0.06%
Dec 12, 2014 13:13 	1224.08 	1224.08 	1223.46 	1223.51 	-57.0 	-0.05%
Dec 12, 2014 13:12 	1223.91 	1224.09 	1223.91 	1224.08 	+17.0 	+0.01%
Dec 12, 2014 13:11 	1223.88 	1223.97 	1223.86 	1223.91 	+3.0 	+0.00%
Dec 12, 2014 13:10 	1223.98 	1224.08 	1223.66 	1223.88 	-10.0 	-0.01%
Dec 12, 2014 13:09 	1224.06 	1224.19 	1223.96 	1223.98 	-8.0 	-0.01%
Dec 12, 2014 13:08 	1224.07 	1224.4 	1224.07 	1224.17 	+10.0 	+0.01%
Dec 12, 2014 13:07 	1224.99 	1225.07 	1224.06 	1224.07 	-92.0 	-0.08%
Dec 12, 2014 13:06 	1225.02 	1225.07 	1224.93 	1225.07 	+5.0 	+0.00%
Dec 12, 2014 13:05 	1224.72 	1224.97 	1224.57 	1224.97 	+25.0 	+0.02%
Dec 12, 2014 13:04 	1224.85 	1225.08 	1224.57 	1224.72 	-13.0 	-0.01%
Dec 12, 2014 13:03 	1225.48 	1225.48 	1224.79 	1224.85 	-63.0 	-0.05%
Dec 12, 2014 13:02 	1225.1 	1225.48 	1225.1 	1225.48 	+38.0 	+0.03%
Dec 12, 2014 13:01 	1225.52 	1225.52 	1224.99 	1225.1 	-42.0 	-0.03%
Dec 12, 2014 13:00 	1225.28 	1225.89 	1225.22 	1225.52 	+24.0 	+0.02%
Dec 12, 2014 12:59 	1224.97 	1225.34 	1224.91 	1225.31 	+34.0 	+0.03%
Dec 12, 2014 12:58 	1225.08 	1225.08 	1224.97 	1224.97 	-11.0 	-0.01%
Dec 12, 2014 12:57 	1225.07 	1225.21 	1225.07 	1225.08 	+1.0 	+0.00%
Dec 12, 2014 12:56 	1225.6 	1225.79 	1224.97 	1224.97 	-63.0 	-0.05%
Dec 12, 2014 12:55 	1225.79 	1225.83 	1225.58 	1225.58 	-21.0 	-0.02%
Dec 12, 2014 12:54 	1225.44 	1225.87 	1225.27 	1225.8 	+36.0 	+0.03%
Dec 12, 2014 12:53 	1224.77 	1225.4 	1224.77 	1225.38 	+61.0 	+0.05%
Dec 12, 2014 12:52 	1224.56 	1224.91 	1224.56 	1224.78 	+22.0 	+0.02%
Dec 12, 2014 12:51 	1224.77 	1224.79 	1224.29 	1224.56 	-21.0 	-0.02%
Dec 12, 2014 12:50 	1224.72 	1224.8 	1224.63 	1224.78 	+6.0 	+0.00%
Dec 12, 2014 12:49 	1224.75 	1224.82 	1224.7 	1224.76 	+1.0 	+0.00%
Dec 12, 2014 12:48 	1224.65 	1224.79 	1224.63 	1224.76 	+11.0 	+0.01%
Dec 12, 2014 12:47 	1224.6 	1224.71 	1224.56 	1224.7 	+10.0 	+0.01%
Dec 12, 2014 12:46 	1224.49 	1224.77 	1224.49 	1224.62 	+13.0 	+0.01%
Dec 12, 2014 12:45 	1223.89 	1224.47 	1223.79 	1224.44 	+55.0 	+0.04%
Dec 12, 2014 12:44 	1224.45 	1224.49 	1223.86 	1223.89 	-56.0 	-0.05%
Dec 12, 2014 12:43 	1224.64 	1224.68 	1224.39 	1224.43 	-21.0 	-0.02%
Dec 12, 2014 12:42 	1224.6 	1224.82 	1224.6 	1224.7 	+10.0 	+0.01%
Dec 12, 2014 12:41 	1224.56 	1224.62 	1224.45 	1224.62 	+6.0 	+0.00%
Dec 12, 2014 12:40 	1224.41 	1224.66 	1224.23 	1224.54 	+13.0 	+0.01%
Dec 12, 2014 12:39 	1224.23 	1224.63 	1223.73 	1224.54 	+31.0 	+0.03%
Dec 12, 2014 12:38 	1223.78 	1224.26 	1223.76 	1224.22 	+44.0 	+0.04%
Dec 12, 2014 12:37 	1223.07 	1223.72 	1223.02 	1223.71 	+64.0 	+0.05%
Dec 12, 2014 12:36 	1223.3 	1223.54 	1223.09 	1223.12 	-18.0 	-0.01%
Dec 12, 2014 12:35 	1223.27 	1223.63 	1223.23 	1223.33 	+6.0 	+0.00%
Dec 12, 2014 12:34 	1223.49 	1223.62 	1223.23 	1223.29 	-20.0 	-0.02%
Dec 12, 2014 12:33 	1223.46 	1223.56 	1223.19 	1223.48 	+2.0 	+0.00%
Dec 12, 2014 12:32 	1223.4 	1223.66 	1223.36 	1223.4 	+0.0 	+0.00%
Dec 12, 2014 12:31 	1223.56 	1223.86 	1223.43 	1223.43 	-13.0 	-0.01%
Dec 12, 2014 12:30 	1224.06 	1224.22 	1223.56 	1223.56 	-50.0 	-0.04%
Dec 12, 2014 12:29 	1224.07 	1224.26 	1223.92 	1223.99 	-8.0 	-0.01%
Dec 12, 2014 12:28 	1224.17 	1224.36 	1224.06 	1224.21 	+4.0 	+0.00%
Dec 12, 2014 12:27 	1224.39 	1224.4 	1224.09 	1224.18 	-21.0 	-0.02%
Dec 12, 2014 12:26 	1224.19 	1224.53 	1224.19 	1224.36 	+17.0 	+0.01%
Dec 12, 2014 12:25 	1224.39 	1224.41 	1224.19 	1224.19 	-20.0 	-0.02%
Dec 12, 2014 12:24 	1224.7 	1224.71 	1224 	1224.31 	-39.0 	-0.03%
Dec 12, 2014 12:23 	1224.96 	1225.14 	1224.81 	1224.81 	-15.0 	-0.01%
Dec 12, 2014 12:22 	1224.91 	1225.03 	1224.8 	1224.95 	+4.0 	+0.00%
Dec 12, 2014 12:21 	1224.6 	1225.1 	1224.56 	1224.91 	+31.0 	+0.03%
Dec 12, 2014 12:20 	1224.61 	1224.82 	1224.6 	1224.65 	+4.0 	+0.00%
Dec 12, 2014 12:19 	1224.63 	1224.84 	1224.59 	1224.61 	-2.0 	+0.00%
Dec 12, 2014 12:18 	1224.43 	1224.68 	1224.43 	1224.6 	+17.0 	+0.01%
Dec 12, 2014 12:17 	1224.69 	1224.71 	1224.43 	1224.46 	-23.0 	-0.02%
Dec 12, 2014 12:16 	1224.69 	1224.84 	1224.49 	1224.67 	-2.0 	+0.00%
Dec 12, 2014 12:15 	1224.66 	1224.77 	1224.47 	1224.7 	+4.0 	+0.00%
Dec 12, 2014 12:14 	1224.58 	1225.02 	1224.58 	1224.76 	+18.0 	+0.01%
Dec 12, 2014 12:13 	1224.61 	1224.78 	1224.46 	1224.58 	-3.0 	+0.00%
Dec 12, 2014 12:12 	1224.28 	1224.76 	1224.28 	1224.71 	+43.0 	+0.04%
Dec 12, 2014 12:11 	1224.31 	1224.49 	1224.2 	1224.26 	-5.0 	+0.00%
Dec 12, 2014 12:10 	1223.83 	1224.39 	1223.83 	1224.29 	+46.0 	+0.04%
Dec 12, 2014 12:09 	1223.99 	1224.07 	1223.79 	1223.79 	-20.0 	-0.02%
Dec 12, 2014 12:08 	1224.28 	1224.36 	1223.96 	1223.99 	-29.0 	-0.02%
Dec 12, 2014 12:07 	1224.37 	1224.57 	1224.29 	1224.3 	-7.0 	-0.01%
Dec 12, 2014 12:06 	1224.58 	1224.59 	1224.17 	1224.47 	-11.0 	-0.01%
Dec 12, 2014 12:05 	1224.42 	1224.67 	1224.4 	1224.6 	+18.0 	+0.01%
Dec 12, 2014 12:04 	1224.52 	1224.83 	1224.47 	1224.47 	-5.0 	+0.00%
Dec 12, 2014 12:03 	1224.61 	1224.87 	1224.32 	1224.51 	-10.0 	-0.01%
Dec 12, 2014 12:02 	1224.81 	1224.94 	1224.28 	1224.64 	-17.0 	-0.01%
Dec 12, 2014 12:01 	1224.7 	1225.07 	1224.5 	1224.8 	+10.0 	+0.01%
Dec 12, 2014 12:00 	1225.4 	1225.67 	1224.66 	1224.7 	-70.0 	-0.06%
Dec 12, 2014 11:59 	1225.46 	1225.61 	1225.23 	1225.43 	-3.0 	+0.00%
Dec 12, 2014 11:58 	1226.64 	1226.64 	1225.47 	1225.47 	-117.0 	-0.10%
Dec 12, 2014 11:57 	1227.08 	1227.17 	1226.65 	1226.65 	-43.0 	-0.04%
Dec 12, 2014 11:56 	1227.04 	1227.34 	1226.91 	1227.03 	-1.0 	+0.00%
Dec 12, 2014 11:55 	1226.09 	1227.16 	1226.05 	1227.04 	+95.0 	+0.08%
Dec 12, 2014 11:54 	1225.38 	1226.14 	1225.38 	1226.08 	+70.0 	+0.06%
Dec 12, 2014 11:53 	1225.38 	1225.74 	1225.11 	1225.41 	+3.0 	+0.00%
Dec 12, 2014 11:52 	1225.49 	1225.49 	1224.98 	1225.37 	-12.0 	-0.01%
Dec 12, 2014 11:51 	1224.68 	1225.44 	1224.66 	1225.4 	+72.0 	+0.06%
Dec 12, 2014 11:50 	1224.38 	1224.67 	1224.37 	1224.67 	+29.0 	+0.02%
Dec 12, 2014 11:49 	1224.11 	1224.47 	1224.11 	1224.43 	+32.0 	+0.03%
Dec 12, 2014 11:48 	1223.71 	1224.14 	1223.63 	1224.14 	+43.0 	+0.04%
Dec 12, 2014 11:47 	1223.85 	1224.11 	1223.69 	1223.71 	-14.0 	-0.01%
Dec 12, 2014 11:46 	1224.35 	1224.35 	1223.82 	1223.85 	-50.0 	-0.04%
Dec 12, 2014 11:45 	1224.49 	1224.49 	1224.2 	1224.35 	-14.0 	-0.01%
Dec 12, 2014 11:44 	1223.76 	1224.49 	1223.63 	1224.49 	+73.0 	+0.06%
Dec 12, 2014 11:43 	1223.8 	1224.11 	1223.72 	1223.76 	-4.0 	+0.00%
Dec 12, 2014 11:42 	1223.99 	1224.01 	1223.76 	1223.8 	-19.0 	-0.02%
Dec 12, 2014 11:41 	1223.57 	1223.92 	1223.35 	1223.9 	+33.0 	+0.03%
Dec 12, 2014 11:40 	1223.62 	1223.71 	1223.21 	1223.57 	-5.0 	+0.00%
Dec 12, 2014 11:39 	1223.97 	1223.99 	1223.62 	1223.62 	-35.0 	-0.03%
Dec 12, 2014 11:38 	1223.54 	1224.08 	1223.54 	1223.89 	+35.0 	+0.03%
Dec 12, 2014 11:37 	1223.36 	1223.85 	1223.29 	1223.54 	+18.0 	+0.01%
Dec 12, 2014 11:36 	1223.76 	1223.8 	1223.36 	1223.36 	-40.0 	-0.03%
Dec 12, 2014 11:35 	1223.23 	1223.78 	1223.07 	1223.76 	+53.0 	+0.04%
Dec 12, 2014 11:34 	1222.42 	1223.28 	1222.42 	1223.28 	+86.0 	+0.07%
Dec 12, 2014 11:33 	1222.43 	1222.46 	1222.28 	1222.42 	-1.0 	+0.00%
Dec 12, 2014 11:32 	1222.84 	1222.84 	1222.21 	1222.43 	-41.0 	-0.03%
Dec 12, 2014 11:31 	1222.95 	1223.02 	1222.72 	1222.84 	-11.0 	-0.01%
Dec 12, 2014 11:30 	1222.09 	1222.97 	1222.09 	1222.96 	+87.0 	+0.07%
Dec 12, 2014 11:29 	1222.14 	1222.31 	1222.11 	1222.11 	-3.0 	+0.00%
Dec 12, 2014 11:28 	1222.32 	1222.39 	1222.08 	1222.14 	-18.0 	-0.01%
Dec 12, 2014 11:27 	1222.87 	1222.9 	1222.18 	1222.33 	-54.0 	-0.04%
Dec 12, 2014 11:26 	1222.86 	1223.2 	1222.86 	1222.95 	+9.0 	+0.01%
Dec 12, 2014 11:25 	1223.53 	1223.66 	1222.6 	1222.86 	-67.0 	-0.05%
Dec 12, 2014 11:24 	1224.11 	1224.11 	1223.47 	1223.51 	-60.0 	-0.05%
Dec 12, 2014 11:23 	1225.22 	1225.25 	1224.08 	1224.11 	-111.0 	-0.09%
Dec 12, 2014 11:22 	1224.95 	1225.17 	1224.67 	1225.17 	+22.0 	+0.02%
Dec 12, 2014 11:21 	1224.77 	1225.1 	1224.58 	1224.94 	+17.0 	+0.01%
Dec 12, 2014 11:20 	1223.94 	1224.82 	1223.89 	1224.76 	+82.0 	+0.07%
Dec 12, 2014 11:19 	1224.54 	1224.77 	1223.89 	1223.89 	-65.0 	-0.05%
Dec 12, 2014 11:18 	1225.59 	1225.69 	1224.24 	1224.59 	-100.0 	-0.08%
Dec 12, 2014 11:17 	1225.83 	1226.22 	1225.56 	1225.57 	-26.0 	-0.02%
Dec 12, 2014 11:16 	1226.04 	1227.1 	1225.79 	1225.79 	-25.0 	-0.02%
Dec 12, 2014 11:15 	1225.94 	1226.14 	1225.64 	1226.04 	+10.0 	+0.01%
Dec 12, 2014 11:14 	1226.27 	1226.79 	1225.89 	1225.89 	-38.0 	-0.03%
Dec 12, 2014 11:13 	1225.3 	1226.47 	1225.3 	1226.27 	+97.0 	+0.08%
Dec 12, 2014 11:12 	1225.31 	1225.76 	1225.05 	1225.27 	-4.0 	+0.00%
Dec 12, 2014 11:11 	1224.65 	1225.46 	1224.44 	1225.28 	+63.0 	+0.05%
Dec 12, 2014 11:10 	1225.49 	1225.49 	1224.69 	1224.69 	-80.0 	-0.07%
Dec 12, 2014 11:09 	1225.51 	1225.91 	1225.34 	1225.49 	-2.0 	+0.00%
Dec 12, 2014 11:08 	1224.58 	1225.96 	1224.55 	1225.56 	+98.0 	+0.08%
Dec 12, 2014 11:07 	1224.7 	1224.76 	1224.53 	1224.54 	-16.0 	-0.01%
Dec 12, 2014 11:06 	1224.66 	1225.04 	1224.61 	1224.73 	+7.0 	+0.01%
Dec 12, 2014 11:05 	1224.54 	1224.6 	1224 	1224.42 	-12.0 	-0.01%
Dec 12, 2014 11:04 	1224.52 	1224.65 	1224.39 	1224.59 	+7.0 	+0.01%
Dec 12, 2014 11:03 	1224.81 	1224.81 	1224.51 	1224.51 	-30.0 	-0.02%
Dec 12, 2014 11:02 	1225.43 	1225.43 	1224.81 	1224.81 	-62.0 	-0.05%
Dec 12, 2014 11:01 	1224.7 	1226.03 	1224.33 	1225.38 	+68.0 	+0.06%
Dec 12, 2014 11:00 	1222.41 	1224.66 	1222.4 	1224.66 	+225.0 	+0.18%
Dec 12, 2014 10:59 	1222.51 	1222.53 	1222.33 	1222.37 	-14.0 	-0.01%
Dec 12, 2014 10:58 	1222.52 	1222.55 	1222.34 	1222.55 	+3.0 	+0.00%
Dec 12, 2014 10:57 	1222.16 	1222.53 	1221.99 	1222.53 	+37.0 	+0.03%
Dec 12, 2014 10:56 	1221.99 	1222.21 	1221.92 	1222.15 	+16.0 	+0.01%
Dec 12, 2014 10:55 	1221.56 	1221.94 	1221.54 	1221.93 	+37.0 	+0.03%
Dec 12, 2014 10:54 	1221.52 	1221.64 	1221.24 	1221.61 	+9.0 	+0.01%
Dec 12, 2014 10:53 	1221.16 	1221.52 	1221.11 	1221.42 	+26.0 	+0.02%
Dec 12, 2014 10:52 	1220.91 	1221.16 	1220.89 	1221.14 	+23.0 	+0.02%
Dec 12, 2014 10:51 	1221.14 	1221.19 	1220.9 	1220.91 	-23.0 	-0.02%
Dec 12, 2014 10:50 	1220.82 	1221.16 	1220.81 	1221.14 	+32.0 	+0.03%
Dec 12, 2014 10:49 	1220.94 	1221.01 	1220.74 	1220.74 	-20.0 	-0.02%
Dec 12, 2014 10:48 	1221.21 	1221.21 	1220.71 	1220.94 	-27.0 	-0.02%
Dec 12, 2014 10:47 	1221.54 	1221.57 	1221.11 	1221.21 	-33.0 	-0.03%
Dec 12, 2014 10:46 	1221.54 	1221.55 	1221.45 	1221.51 	-3.0 	+0.00%
Dec 12, 2014 10:45 	1221.54 	1221.54 	1221.31 	1221.51 	-3.0 	+0.00%
Dec 12, 2014 10:44 	1221.41 	1221.58 	1221.41 	1221.54 	+13.0 	+0.01%
Dec 12, 2014 10:43 	1221.49 	1221.54 	1221.39 	1221.43 	-6.0 	+0.00%
Dec 12, 2014 10:42 	1221.56 	1221.65 	1221.41 	1221.49 	-7.0 	-0.01%
Dec 12, 2014 10:41 	1222.01 	1222.01 	1221.55 	1221.61 	-40.0 	-0.03%
Dec 12, 2014 10:40 	1222.21 	1222.25 	1221.88 	1222.01 	-20.0 	-0.02%
Dec 12, 2014 10:39 	1222.21 	1222.23 	1222.01 	1222.17 	-4.0 	+0.00%
Dec 12, 2014 10:38 	1222.61 	1222.61 	1221.94 	1222.11 	-50.0 	-0.04%
Dec 12, 2014 10:37 	1223.14 	1223.14 	1222.51 	1222.51 	-63.0 	-0.05%
Dec 12, 2014 10:36 	1222.91 	1223.21 	1222.84 	1223.21 	+30.0 	+0.02%
Dec 12, 2014 10:35 	1222.81 	1223.14 	1222.81 	1222.87 	+6.0 	+0.00%
Dec 12, 2014 10:34 	1222.84 	1223.01 	1222.81 	1222.84 	+0.0 	+0.00%
Dec 12, 2014 10:33 	1222.71 	1222.91 	1222.64 	1222.74 	+3.0 	+0.00%
Dec 12, 2014 10:32 	1223.03 	1223.03 	1222.61 	1222.71 	-32.0 	-0.03%
Dec 12, 2014 10:31 	1223.04 	1223.34 	1222.91 	1223.04 	+0.0 	+0.00%
Dec 12, 2014 10:30 	1222.57 	1223.21 	1222.54 	1223.14 	+57.0 	+0.05%
Dec 12, 2014 10:29 	1222.91 	1223.01 	1222.41 	1222.54 	-37.0 	-0.03%
Dec 12, 2014 10:28 	1222.86 	1222.96 	1222.53 	1222.83 	-3.0 	+0.00%
Dec 12, 2014 10:27 	1222.86 	1223.05 	1222.82 	1222.86 	+0.0 	+0.00%
Dec 12, 2014 10:26 	1222.92 	1223.07 	1222.69 	1222.8 	-12.0 	-0.01%
Dec 12, 2014 10:25 	1222.43 	1222.91 	1222.4 	1222.87 	+44.0 	+0.04%
Dec 12, 2014 10:24 	1222.32 	1222.42 	1222.22 	1222.42 	+10.0 	+0.01%
Dec 12, 2014 10:23 	1222.37 	1222.42 	1222.29 	1222.29 	-8.0 	-0.01%
Dec 12, 2014 10:22 	1222.75 	1222.87 	1222.32 	1222.37 	-38.0 	-0.03%
Dec 12, 2014 10:21 	1222.41 	1222.77 	1222.39 	1222.75 	+34.0 	+0.03%
Dec 12, 2014 10:20 	1222.11 	1222.51 	1222.06 	1222.41 	+30.0 	+0.02%
Dec 12, 2014 10:19 	1222.34 	1222.36 	1222.06 	1222.11 	-23.0 	-0.02%
Dec 12, 2014 10:18 	1223.25 	1223.29 	1222.49 	1222.49 	-76.0 	-0.06%
Dec 12, 2014 10:17 	1223.33 	1223.47 	1223.23 	1223.23 	-10.0 	-0.01%
Dec 12, 2014 10:16 	1223.17 	1223.38 	1223.12 	1223.32 	+15.0 	+0.01%
Dec 12, 2014 10:15 	1222.61 	1223.43 	1222.61 	1223.13 	+52.0 	+0.04%
Dec 12, 2014 10:14 	1222.49 	1223.09 	1222.44 	1222.67 	+18.0 	+0.01%
Dec 12, 2014 10:13 	1222.1 	1222.63 	1222.1 	1222.49 	+39.0 	+0.03%
Dec 12, 2014 10:12 	1222.1 	1222.21 	1221.82 	1222.12 	+2.0 	+0.00%
Dec 12, 2014 10:11 	1222.21 	1222.45 	1222.09 	1222.09 	-12.0 	-0.01%
Dec 12, 2014 10:10 	1222.6 	1222.71 	1222.23 	1222.27 	-33.0 	-0.03%
Dec 12, 2014 10:09 	1221.96 	1222.51 	1221.8 	1222.51 	+55.0 	+0.04%
Dec 12, 2014 10:08 	1221.7 	1221.96 	1221.59 	1221.91 	+21.0 	+0.02%
Dec 12, 2014 10:07 	1221.98 	1222.02 	1221.69 	1221.69 	-29.0 	-0.02%
Dec 12, 2014 10:06 	1221.95 	1222.09 	1221.73 	1221.81 	-14.0 	-0.01%
Dec 12, 2014 10:05 	1221.69 	1222.1 	1221.69 	1221.96 	+27.0 	+0.02%
Dec 12, 2014 10:04 	1221.47 	1221.69 	1221.32 	1221.62 	+15.0 	+0.01%
Dec 12, 2014 10:03 	1221.11 	1221.63 	1221.02 	1221.37 	+26.0 	+0.02%
Dec 12, 2014 10:02 	1220.66 	1221.16 	1220.66 	1221.06 	+40.0 	+0.03%
Dec 12, 2014 10:01 	1220.39 	1220.61 	1220.39 	1220.56 	+17.0 	+0.01%
Dec 12, 2014 10:00 	1220.36 	1220.46 	1220.07 	1220.37 	+1.0 	+0.00%
Dec 12, 2014 09:59 	1220.14 	1220.36 	1220.07 	1220.36 	+22.0 	+0.02%
Dec 12, 2014 09:58 	1219.98 	1220.17 	1219.77 	1220.1 	+12.0 	+0.01%
Dec 12, 2014 09:57 	1219.92 	1220 	1219.72 	1219.96 	+4.0 	+0.00%
Dec 12, 2014 09:56 	1220.23 	1220.23 	1219.74 	1219.75 	-48.0 	-0.04%
Dec 12, 2014 09:55 	1220.02 	1220.33 	1219.94 	1220.27 	+25.0 	+0.02%
Dec 12, 2014 09:54 	1219.74 	1220.09 	1219.74 	1220.04 	+30.0 	+0.02%
Dec 12, 2014 09:53 	1220.28 	1220.28 	1219.79 	1219.79 	-49.0 	-0.04%
Dec 12, 2014 09:52 	1220.13 	1220.32 	1220.1 	1220.27 	+14.0 	+0.01%
Dec 12, 2014 09:51 	1220.14 	1220.14 	1219.89 	1220.1 	-4.0 	+0.00%
Dec 12, 2014 09:50 	1220.15 	1220.24 	1220.01 	1220.11 	-4.0 	+0.00%
Dec 12, 2014 09:49 	1219.86 	1220.23 	1219.86 	1220.16 	+30.0 	+0.02%
Dec 12, 2014 09:48 	1219.9 	1219.92 	1219.82 	1219.86 	-4.0 	+0.00%
Dec 12, 2014 09:47 	1219.93 	1219.93 	1219.73 	1219.9 	-3.0 	+0.00%
Dec 12, 2014 09:46 	1219.79 	1220.01 	1219.79 	1219.91 	+12.0 	+0.01%
Dec 12, 2014 09:45 	1219.69 	1219.96 	1219.69 	1219.76 	+7.0 	+0.01%
Dec 12, 2014 09:44 	1219.89 	1219.92 	1219.65 	1219.74 	-15.0 	-0.01%
Dec 12, 2014 09:43 	1219.88 	1219.96 	1219.8 	1219.91 	+3.0 	+0.00%
Dec 12, 2014 09:42 	1219.86 	1220.02 	1219.78 	1219.88 	+2.0 	+0.00%
Dec 12, 2014 09:41 	1219.8 	1220.05 	1219.66 	1219.84 	+4.0 	+0.00%
Dec 12, 2014 09:40 	1219.9 	1219.95 	1219.8 	1219.82 	-8.0 	-0.01%
Dec 12, 2014 09:39 	1219.72 	1219.93 	1219.71 	1219.93 	+21.0 	+0.02%
Dec 12, 2014 09:38 	1219.63 	1219.77 	1219.44 	1219.71 	+8.0 	+0.01%
Dec 12, 2014 09:37 	1219.86 	1220.1 	1219.59 	1219.71 	-15.0 	-0.01%
Dec 12, 2014 09:36 	1219.36 	1219.85 	1219.36 	1219.85 	+49.0 	+0.04%
Dec 12, 2014 09:35 	1219.43 	1219.47 	1219.36 	1219.37 	-6.0 	+0.00%
Dec 12, 2014 09:34 	1219.76 	1219.76 	1219.43 	1219.43 	-33.0 	-0.03%
Dec 12, 2014 09:33 	1219.45 	1219.76 	1219.28 	1219.76 	+31.0 	+0.03%
Dec 12, 2014 09:32 	1220.06 	1220.06 	1219.51 	1219.51 	-55.0 	-0.05%
Dec 12, 2014 09:31 	1220.15 	1220.15 	1219.84 	1220.08 	-7.0 	-0.01%
Dec 12, 2014 09:30 	1220.08 	1220.15 	1219.98 	1220.15 	+7.0 	+0.01%
Dec 12, 2014 09:29 	1220.04 	1220.17 	1220.04 	1220.17 	+13.0 	+0.01%
Dec 12, 2014 09:28 	1219.96 	1220.04 	1219.9 	1220.04 	+8.0 	+0.01%
Dec 12, 2014 09:27 	1220.17 	1220.17 	1220.04 	1220.05 	-12.0 	-0.01%
Dec 12, 2014 09:26 	1220.02 	1220.16 	1219.94 	1220.16 	+14.0 	+0.01%
Dec 12, 2014 09:25 	1220.02 	1220.12 	1220 	1220 	-2.0 	+0.00%
Dec 12, 2014 09:24 	1220.54 	1220.55 	1219.98 	1220.06 	-48.0 	-0.04%
Dec 12, 2014 09:23 	1220.05 	1220.54 	1220.05 	1220.51 	+46.0 	+0.04%
Dec 12, 2014 09:22 	1220.14 	1220.19 	1219.98 	1220.03 	-11.0 	-0.01%
Dec 12, 2014 09:21 	1220.38 	1220.79 	1220.16 	1220.16 	-22.0 	-0.02%
Dec 12, 2014 09:20 	1220.55 	1220.56 	1220.35 	1220.37 	-18.0 	-0.01%
Dec 12, 2014 09:19 	1220.83 	1220.83 	1220.39 	1220.59 	-24.0 	-0.02%
Dec 12, 2014 09:18 	1221.03 	1221.08 	1220.86 	1220.88 	-15.0 	-0.01%
Dec 12, 2014 09:17 	1220.79 	1221.14 	1220.6 	1221.03 	+24.0 	+0.02%
Dec 12, 2014 09:16 	1220.82 	1221.07 	1220.63 	1220.89 	+7.0 	+0.01%
Dec 12, 2014 09:15 	1220.93 	1220.93 	1220.83 	1220.83 	-10.0 	-0.01%
Dec 12, 2014 09:14 	1220.93 	1220.93 	1220.6 	1220.89 	-4.0 	+0.00%
Dec 12, 2014 09:13 	1220.69 	1220.94 	1220.69 	1220.94 	+25.0 	+0.02%
Dec 12, 2014 09:12 	1220.58 	1220.93 	1220.53 	1220.81 	+23.0 	+0.02%
Dec 12, 2014 09:11 	1220.86 	1220.86 	1220.67 	1220.67 	-19.0 	-0.02%
Dec 12, 2014 09:10 	1221.21 	1221.31 	1220.76 	1220.92 	-29.0 	-0.02%
Dec 12, 2014 09:09 	1221.26 	1221.76 	1221.06 	1221.26 	+0.0 	+0.00%
Dec 12, 2014 09:08 	1221.16 	1221.51 	1221.16 	1221.26 	+10.0 	+0.01%
Dec 12, 2014 09:07 	1220.43 	1221.08 	1220.43 	1221.08 	+65.0 	+0.05%
Dec 12, 2014 09:06 	1220.23 	1220.54 	1220.23 	1220.47 	+24.0 	+0.02%
Dec 12, 2014 09:05 	1219.94 	1220.17 	1219.94 	1220.14 	+20.0 	+0.02%
Dec 12, 2014 09:04 	1219.94 	1220.14 	1219.93 	1219.93 	-1.0 	+0.00%
Dec 12, 2014 09:03 	1219.52 	1219.97 	1219.44 	1219.97 	+45.0 	+0.04%
Dec 12, 2014 09:02 	1219.73 	1219.83 	1219.49 	1219.56 	-17.0 	-0.01%
Dec 12, 2014 09:01 	1219.39 	1219.86 	1219.39 	1219.76 	+37.0 	+0.03%
Dec 12, 2014 09:00 	1220.06 	1220.06 	1219.25 	1219.41 	-65.0 	-0.05%
Dec 12, 2014 08:59 	1220.31 	1220.31 	1219.98 	1220.05 	-26.0 	-0.02%
Dec 12, 2014 08:58 	1219.98 	1220.36 	1219.98 	1220.32 	+34.0 	+0.03%
Dec 12, 2014 08:57 	1220.44 	1220.45 	1220 	1220 	-44.0 	-0.04%
Dec 12, 2014 08:56 	1220.8 	1220.81 	1220.22 	1220.43 	-37.0 	-0.03%
Dec 12, 2014 08:55 	1221.11 	1221.17 	1220.76 	1220.81 	-30.0 	-0.02%
Dec 12, 2014 08:54 	1221.28 	1221.28 	1221.06 	1221.06 	-22.0 	-0.02%
Dec 12, 2014 08:53 	1221.31 	1221.34 	1221.29 	1221.33 	+2.0 	+0.00%
Dec 12, 2014 08:52 	1221.44 	1221.55 	1221.29 	1221.29 	-15.0 	-0.01%
Dec 12, 2014 08:51 	1221.51 	1221.51 	1221.34 	1221.43 	-8.0 	-0.01%
Dec 12, 2014 08:50 	1221.67 	1221.67 	1221.48 	1221.51 	-16.0 	-0.01%
Dec 12, 2014 08:49 	1221.58 	1221.66 	1221.58 	1221.65 	+7.0 	+0.01%
Dec 12, 2014 08:48 	1221.51 	1221.64 	1221.43 	1221.63 	+12.0 	+0.01%
Dec 12, 2014 08:47 	1221.5 	1221.55 	1221.42 	1221.52 	+2.0 	+0.00%
Dec 12, 2014 08:46 	1221.37 	1221.54 	1221.36 	1221.49 	+12.0 	+0.01%
Dec 12, 2014 08:45 	1221.47 	1221.51 	1221.35 	1221.36 	-11.0 	-0.01%
Dec 12, 2014 08:44 	1221.54 	1221.59 	1221.44 	1221.51 	-3.0 	+0.00%
Dec 12, 2014 08:43 	1221.18 	1221.59 	1221.16 	1221.59 	+41.0 	+0.03%
Dec 12, 2014 08:42 	1221.18 	1221.21 	1221.12 	1221.21 	+3.0 	+0.00%
Dec 12, 2014 08:41 	1221.64 	1221.64 	1221.23 	1221.23 	-41.0 	-0.03%
Dec 12, 2014 08:40 	1221.63 	1221.79 	1221.62 	1221.68 	+5.0 	+0.00%
Dec 12, 2014 08:39 	1221.45 	1221.51 	1221.42 	1221.51 	+6.0 	+0.00%
Dec 12, 2014 08:38 	1221.72 	1221.74 	1221.5 	1221.5 	-22.0 	-0.02%
Dec 12, 2014 08:37 	1221.77 	1221.86 	1221.73 	1221.74 	-3.0 	+0.00%
Dec 12, 2014 08:36 	1221.8 	1221.8 	1221.68 	1221.73 	-7.0 	-0.01%
Dec 12, 2014 08:35 	1221.78 	1221.8 	1221.78 	1221.78 	+0.0 	+0.00%
Dec 12, 2014 08:34 	1221.87 	1221.87 	1221.75 	1221.78 	-9.0 	-0.01%
Dec 12, 2014 08:33 	1221.59 	1221.89 	1221.57 	1221.86 	+27.0 	+0.02%
Dec 12, 2014 08:32 	1221.81 	1221.81 	1221.58 	1221.58 	-23.0 	-0.02%
Dec 12, 2014 08:31 	1221.95 	1221.95 	1221.73 	1221.73 	-22.0 	-0.02%
Dec 12, 2014 08:30 	1221.65 	1221.95 	1221.65 	1221.95 	+30.0 	+0.02%
Dec 12, 2014 08:29 	1221.5 	1221.75 	1221.5 	1221.7 	+20.0 	+0.02%
Dec 12, 2014 08:28 	1221.43 	1221.5 	1221.43 	1221.5 	+7.0 	+0.01%
Dec 12, 2014 08:27 	1221.59 	1221.59 	1221.42 	1221.43 	-16.0 	-0.01%
Dec 12, 2014 08:26 	1221.73 	1221.83 	1221.64 	1221.64 	-9.0 	-0.01%
Dec 12, 2014 08:25 	1221.61 	1221.83 	1221.61 	1221.7 	+9.0 	+0.01%
Dec 12, 2014 08:24 	1221.42 	1221.51 	1221.42 	1221.51 	+9.0 	+0.01%
Dec 12, 2014 08:23 	1221.74 	1221.74 	1221.42 	1221.42 	-32.0 	-0.03%
Dec 12, 2014 08:22 	1221.82 	1222.01 	1221.82 	1221.82 	+0.0 	+0.00%
Dec 12, 2014 08:21 	1221.69 	1221.91 	1221.54 	1221.82 	+13.0 	+0.01%
Dec 12, 2014 08:20 	1221.62 	1221.63 	1221.53 	1221.63 	+1.0 	+0.00%
Dec 12, 2014 08:19 	1221.71 	1221.74 	1221.62 	1221.62 	-9.0 	-0.01%
Dec 12, 2014 08:18 	1221.81 	1221.81 	1221.61 	1221.61 	-20.0 	-0.02%
Dec 12, 2014 08:17 	1222.01 	1222.01 	1221.64 	1221.82 	-19.0 	-0.02%
Dec 12, 2014 08:16 	1222.03 	1222.11 	1221.97 	1222.02 	-1.0 	+0.00%
Dec 12, 2014 08:15 	1222.16 	1222.16 	1221.92 	1222.07 	-9.0 	-0.01%
Dec 12, 2014 08:14 	1221.95 	1222.11 	1221.93 	1222.11 	+16.0 	+0.01%
Dec 12, 2014 08:13 	1222.01 	1222.12 	1222.01 	1222.04 	+3.0 	+0.00%
Dec 12, 2014 08:12 	1221.86 	1222.06 	1221.86 	1222.06 	+20.0 	+0.02%
Dec 12, 2014 08:11 	1221.78 	1221.81 	1221.66 	1221.81 	+3.0 	+0.00%
Dec 12, 2014 08:10 	1221.96 	1221.96 	1221.76 	1221.81 	-15.0 	-0.01%
Dec 12, 2014 08:09 	1222.06 	1222.06 	1221.96 	1222.01 	-5.0 	+0.00%
Dec 12, 2014 08:08 	1222.01 	1222.21 	1222.01 	1222.11 	+10.0 	+0.01%
Dec 12, 2014 08:07 	1221.42 	1221.82 	1221.42 	1221.82 	+40.0 	+0.03%
Dec 12, 2014 08:06 	1221.42 	1221.46 	1221.39 	1221.39 	-3.0 	+0.00%
Dec 12, 2014 08:05 	1221.82 	1221.86 	1221.21 	1221.4 	-42.0 	-0.03%
Dec 12, 2014 08:04 	1221.68 	1221.82 	1221.59 	1221.82 	+14.0 	+0.01%
Dec 12, 2014 08:03 	1221.65 	1221.71 	1221.54 	1221.71 	+6.0 	+0.00%
Dec 12, 2014 08:02 	1221.61 	1221.81 	1221.61 	1221.61 	+0.0 	+0.00%
Dec 12, 2014 08:01 	1221.61 	1221.71 	1221.55 	1221.71 	+10.0 	+0.01%
Dec 12, 2014 08:00 	1221.14 	1221.61 	1220.95 	1221.61 	+47.0 	+0.04%
Dec 12, 2014 07:59 	1221.72 	1221.77 	1221.06 	1221.14 	-58.0 	-0.05%
Dec 12, 2014 07:58 	1221.96 	1221.96 	1221.81 	1221.81 	-15.0 	-0.01%
Dec 12, 2014 07:57 	1221.41 	1222.01 	1221.41 	1222.01 	+60.0 	+0.05%
Dec 12, 2014 07:56 	1221.52 	1221.52 	1221.32 	1221.41 	-11.0 	-0.01%
Dec 12, 2014 07:55 	1220.94 	1221.61 	1220.91 	1221.56 	+62.0 	+0.05%
Dec 12, 2014 07:54 	1221.12 	1221.12 	1220.94 	1220.94 	-18.0 	-0.01%
Dec 12, 2014 07:53 	1221.11 	1221.13 	1221.08 	1221.08 	-3.0 	+0.00%
Dec 12, 2014 07:52 	1221.23 	1221.31 	1221.06 	1221.11 	-12.0 	-0.01%
Dec 12, 2014 07:51 	1221.21 	1221.31 	1221.11 	1221.31 	+10.0 	+0.01%
Dec 12, 2014 07:50 	1221.31 	1221.36 	1221.16 	1221.16 	-15.0 	-0.01%
Dec 12, 2014 07:49 	1221.25 	1221.32 	1221.16 	1221.31 	+6.0 	+0.00%
Dec 12, 2014 07:48 	1221.01 	1221.35 	1221.01 	1221.3 	+29.0 	+0.02%
Dec 12, 2014 07:47 	1221.68 	1221.68 	1221.11 	1221.11 	-57.0 	-0.05%
Dec 12, 2014 07:46 	1221.46 	1221.81 	1221.43 	1221.72 	+26.0 	+0.02%
Dec 12, 2014 07:45 	1221.91 	1222.01 	1221.33 	1221.41 	-50.0 	-0.04%
Dec 12, 2014 07:44 	1221.61 	1222.11 	1221.53 	1222.01 	+40.0 	+0.03%
Dec 12, 2014 07:43 	1221.51 	1221.92 	1221.31 	1221.61 	+10.0 	+0.01%
Dec 12, 2014 07:42 	1221.01 	1221.61 	1221.01 	1221.51 	+50.0 	+0.04%
Dec 12, 2014 07:41 	1220.59 	1221.21 	1220.59 	1221.01 	+42.0 	+0.03%
Dec 12, 2014 07:40 	1220.85 	1220.91 	1220.54 	1220.67 	-18.0 	-0.01%
Dec 12, 2014 07:39 	1220.98 	1221.17 	1220.77 	1220.9 	-8.0 	-0.01%
Dec 12, 2014 07:38 	1221.03 	1221.09 	1220.83 	1220.98 	-5.0 	+0.00%
Dec 12, 2014 07:37 	1220.54 	1220.98 	1220.54 	1220.98 	+44.0 	+0.04%
Dec 12, 2014 07:36 	1220.62 	1220.78 	1220.5 	1220.5 	-12.0 	-0.01%
Dec 12, 2014 07:35 	1220.72 	1220.79 	1220.51 	1220.67 	-5.0 	+0.00%
Dec 12, 2014 07:34 	1220.23 	1220.78 	1220.2 	1220.68 	+45.0 	+0.04%
Dec 12, 2014 07:33 	1219.91 	1220.43 	1219.91 	1220.29 	+38.0 	+0.03%
Dec 12, 2014 07:32 	1219.48 	1219.98 	1219.48 	1219.88 	+40.0 	+0.03%
Dec 12, 2014 07:31 	1218.9 	1219.38 	1218.9 	1219.38 	+48.0 	+0.04%
Dec 12, 2014 07:30 	1219.13 	1219.26 	1218.42 	1218.9 	-23.0 	-0.02%
Dec 12, 2014 07:29 	1219.01 	1219.2 	1218.91 	1219.07 	+6.0 	+0.00%
Dec 12, 2014 07:28 	1218.38 	1219.11 	1218.35 	1219.07 	+69.0 	+0.06%
Dec 12, 2014 07:27 	1218.44 	1218.49 	1218.18 	1218.19 	-25.0 	-0.02%
Dec 12, 2014 07:26 	1218.88 	1218.88 	1218.41 	1218.41 	-47.0 	-0.04%
Dec 12, 2014 07:25 	1218.74 	1218.88 	1218.69 	1218.88 	+14.0 	+0.01%
Dec 12, 2014 07:24 	1218.5 	1218.79 	1218.49 	1218.79 	+29.0 	+0.02%
Dec 12, 2014 07:23 	1218.45 	1218.82 	1218.38 	1218.51 	+6.0 	+0.00%
Dec 12, 2014 07:22 	1218.1 	1218.38 	1217.71 	1218.38 	+28.0 	+0.02%
Dec 12, 2014 07:21 	1217.99 	1218.08 	1217.39 	1218.08 	+9.0 	+0.01%
Dec 12, 2014 07:20 	1219.53 	1220.01 	1217.91 	1218.08 	-145.0 	-0.12%
Dec 12, 2014 07:19 	1220.3 	1220.3 	1219.46 	1219.51 	-79.0 	-0.06%
Dec 12, 2014 07:18 	1220.78 	1220.78 	1219.68 	1220.38 	-40.0 	-0.03%
Dec 12, 2014 07:17 	1221.33 	1221.33 	1220.88 	1220.88 	-45.0 	-0.04%
Dec 12, 2014 07:16 	1221.38 	1221.41 	1221.38 	1221.41 	+3.0 	+0.00%
Dec 12, 2014 07:15 	1221.6 	1221.62 	1221.39 	1221.39 	-21.0 	-0.02%
